Nr	CAS number	Tb [K] ChemProp	Tm [C] ChemProp Fragment model	Tm [C] ChemProp Read-across model	Vp 25 [Pa] ChemProp (Antoine based)	log Sw [mol/L] ChemProp	log Sw [mol/L] ACD	pKa1 ACD	pKa2 ACD	pKb1 ACD	pKb2 ACD	HL hyd acid pH 7 [h] ChemProp	HL hyd base pH 7 [h] ChemProp	HL hyd neutral [h] ChemProp	HL hyd total pH 7 [h] ChemProp	HL sed [h] ChemProp	HL soil [h] ChemProp	HL water [h] ChemProp	log Kow ChemProp Consensus model (fragments)	log Kow ChemProp Read-across	log Kow ACD Fragments	log Kow ACD Similarity based	log Kow ACD Consensus	log Kaw ChemProp	log Koa ChemProp	Tb [C] ChemProp
7	50-28-2	635	132	200	7.23E-05	-4.4903	-4.56	10.27	15.09							550	170	170	3.6008	4.01	4.13	3.37	3.62	-6.2326	7.6511	362
14	51-28-5	600	129	115	0.00098831	-1.9357	-2.04	4.04								5500	1700	170	0.69977	1.91	1.74	1.62	1.66	-10.364	8.8366	327
19	53-16-7	636	122	260	8.69E-05	-4.5141	-4.34	10.25								1700	550	170	3.6311	3.13	3.69	3.23	3.38	-2.9057	3.4111	363
47	58-08-2	641	128	238	0.00061659	0.22091	-0.83			13.48	17.83					1700	550	170	-0.09012	-0.07	-0.13	0.42	0.28	-1.3483	10.366	368
48	58-22-0	639	143	155		-4.0806	-4.14	15.06				1.14E+06	1.14E+06	964.99	963.37	5500	1700	550	3.2644	3.32	3.48	3.06	3.16	-3.9832	8.7201	366
55	60-00-4	721	319		6.51E-09	-3.0681	-0.27	1.78	3.3	2.76	7.96					1700	550	170	-2.3518		-0.43	-1.54	-0.92	-6.6075	10.057	448
70	63-05-8	640	134	158	0.00049328	-4.1183	-3.97									5500	1700	550	3.2087	2.75	2.9	2.91	2.9	-14.403	14.957	367
83	67-43-6	780	365		1.28E-11	-5.2991	0.23	1.48	2.2	2.76	3.47					1700	550	170	-3.0252		0.05	-1.9	-0.5	-4.1167	2.9027	507
90	67-66-3	352	-66	-64	12972	-1.2559	-1.58									17000	5500	1700	1.8449	1.97	1.76	2	1.95	-3.1721	2.5385	79
180	76-03-9	481	45	58	21.451	-0.014166	0.51	0.09								5500	1700	550	1.4103	1.33	1.67	1.45	1.52	-3.5023	7.5555	208
202	77-93-0	590	59		0.0030169	-1.8625	-0.87	11.57					2.37E+12	1.36E+05	1.36E+05	550	170	55	0.6103		1.49	0.91	1.09	0.1921	3.3905	317
272	80-09-1	701	190	241	1.86E-08	-2.1028	-2.32	8.23	7.64							1700	550	170	1.9401	0.93	1.83	1.8	1.81	-6.0375	9.266	428
389	91-20-3	518	52	80	4.7645	-3.1495	-3.63									5500	1700	170	2.9478	3.265	3.45	3.34	3.37	-5.8722	9.5766	245
440	95-14-7	471		100		-1.1893	-1.44	8.38		12.83						1700	550	170	1.3092	1.44	1.34	1.61	1.54	-7.8425	12.907	198
441	95-16-9	490	-16	2	35.704	-2.08	-1.99			13.15						1700	550	170	2.2152	2.01	2.01	2.13	2.09	-20.657	15.718	217
600	100-97-0	545	-13		1.8908	0.85328	0.85			8.72	13.34	4.72E+06	1.43E+07	1494.6	1494	1700	550	170	-0.32506		2.17	-0.49	0.99	-6.2918	9.6091	272
793	108-78-1	613	154		0.00026965	0.85851	-1.17			8.61	10.95					1700	1700	1700	-1.1484	-1.37	-1.37	-1.07	-1.18	-3.2539	4.4166	340
834	109-89-7	324	-92	-50	37478	0.75662	0.03			3.24				10581	10581	550	170	17	0.60295	0.58	0.63	0.73	0.7	-8.1599	10.536	51
924	112-02-7	619	40		0.01619	-7.7353	-6.03									1700	550	170	7.375		2.4	2.8	2.66	-4.2353	10.047	346
986	115-86-6	643	50	51	0.0011652	-5.16	-5.41									5500	1700	550	4.1927	4.59	4.1	4.14	4.12	-9.5911	14.288	370
1032	120-18-3	668	131	116	9.42E-05	-1.8926	-2	0.27								5500	550	170	1.3731	0.63	1.7	0.19	0.8	-5.4561	7.6633	395
1035	120-40-1	666	201			-4.1145	-3.39	14.13	14.82	14.85						550	170	170	3.2305		3.94	3.96	3.95	-9.4198	13.385	393
1104	123-91-1	373	-35	12	5293.9	-0.30164	0.78									1700	550	170	0.04377	-0.27	-0.27	-0.3	-0.29	-5.1035	12.275	100
1122	124-40-3	252	-106	-92	5.54E+05	1.346	0.77			3.26						1700	550	55	-0.077318	-0.38	-0.43	-0.23	-0.28	-8.1664	12.771	-21
1134	126-71-6	551	-4	-64	0.7808	-2.9283	-1.86									1700	550	550	3.2264		3.71	3.69	3.7	-30.104	22.688	278
1147	127-18-4	443	6	-22	311.13	-2.561	-2.56									5500	1700	550	2.5173	3.4	2.95	3.43	3.3	-7.995	11.868	170
1175	131-57-7	651	119	66	3.06E-05	-3.2148	-3.25	7.56								1700	550	170	2.8954	3.79	3.64	3.95	3.88	-1.1073	2.5897	378
1201	139-13-9	642	252		1.29E-05	-0.83715	-0.7	1.49	2.27	3.7						1700	550	170	-1.6784		-1.76	-1.15	-1.41	-39.55	29.658	369
1295	288-13-1	519	70	68	2.985	0.78915	0.12	14		11.17			9.65E+07	1.03E+07	9.34E+06	5500	1700	550	0.26592	0.26	0.32	0.48	0.43	-0.7955	2.5502	246
1317	330-54-1	620	138	158	0.0007494	-3.5627	-3.66	13.55		15.09	16.48					5500	1700	550	2.5385	2.875	2.78	2.73	2.75	-6.8928	8.6992	347
1598	637-92-3	343	-86	-94	19174	-1.2624	-1.35									1700	550	550	1.8332		1.68	1.8	1.76	-10.877	8.3896	70
1676	791-28-6			157		-4.8175	-4.73									55000	17000	1700	3.6844	2.83	2.87	4.11	3.67	-10.925	10.73	-273
2008	1912-24-9	612	104	173	0.0028141	-4.1607	-3.82			11.73	16.56					1700	1700	1700	2.412	2.61	2.63	2.67	2.66	-11.171	14.781	339
2252	3380-34-5	630	128	54	0.00011642	-4.99	-4.91	7.8								17000	5500	170	4.8535	4.76	5.17	5.3	5.27	-1.8599	5.2411	357
3120	13674-84-5	604	47	-40	0.017426	-4.0397	-2.43									5500	1700	1700	2.87	2.59	1.53	2.63	2.31	-4.2076	6.8835	331
3121	13674-87-8	672	99	27	4.82E-05	-5.3557	-3.51									17000	5500	1700	3.5301	3.65	1.79	3.71	3.26	-4.1003	4.9904	399
