CAS,Delha1,Delha2,Delhac,Delhb1,Delhb2,Delhba,Delhn,Delho,Delhp,Delhs,MolMass,X1sedim,X1soil,X1water,X2sedim,X2soil,X2water,bp,dhaw,dhoa,dhow,kac,kaw0,kba,kde,kds,kdw,kn,koa0,kow0,kp,ks,mp,pka1,pka2,pkb1,pkb2,pv,toa1,toa2,toac,tob1,tob2,toba,tode,tods,todw,ton,top,tos
124-07-2,-9999,-9999,-9999,-9999,-9999,-9999,-9999,-9999,-9999,-9999,-9999,-9999,-9999,-9999,-9999,-9999,-9999,245.06,-9999,-9999,-9999,-9999,-9999,-9999,-9999,-9999,-9999,-9999,7.2145,3.03,-9999,-9999,-9999,-9999,-9999,-9999,-9999,-9999,25.0,25.0,25.0,25.0,25.0,25.0,25.0,25.0,25.0,25.0,25.0,25.0
20566-35-2,-9999,-9999,-9999,-9999,-9999,-9999,-9999,-9999,-9999,-9999,-9999,-9999,-9999,-9999,-9999,-9999,-9999,-9999,-9999,-9999,-9999,-9999,-9999,-9999,-9999,-9999,-9999,-9999,-9999,-9999,-9999,-9999,-9999,-9999,-9999,-9999,-9999,-9999,25.0,25.0,25.0,25.0,25.0,25.0,25.0,25.0,25.0,25.0,25.0,25.0
109-86-4,-9999,-9999,-9999,-9999,-9999,-9999,-9999,-9999,-9999,-9999,-9999,-9999,-9999,-9999,-9999,-9999,-9999,114.82,-9999,-9999,-9999,-9999,-9999,-9999,-9999,-9999,-9999,-9999,4.478,-0.91,-9999,-9999,-9999,-9999,-9999,-9999,-9999,-9999,25.0,25.0,25.0,25.0,25.0,25.0,25.0,25.0,25.0,25.0,25.0,25.0
1665-48-1,-9999,-9999,-9999,-9999,-9999,-9999,-9999,-9999,-9999,-9999,-9999,-9999,-9999,-9999,-9999,-9999,-9999,371.49,-9999,-9999,-9999,-9999,-9999,-9999,1.0028169849537037e-07,1.0028169849537037e-07,1.0028169849537037e-07,-9999,10.56,2.6,-9999,-9999,-9999,-9999,-9999,-9999,-9999,-9999,25.0,25.0,25.0,25.0,25.0,25.0,25.0,25.0,25.0,25.0,25.0,25.0
123-30-8,-9999,-9999,-9999,-9999,-9999,-9999,-9999,-9999,-9999,-9999,-9999,-9999,-9999,-9999,-9999,-9999,-9999,241.84,-9999,-9999,-9999,-9999,-9999,-9999,-9999,-9999,-9999,-9999,8.102500000000001,0.24,-9999,-9999,-9999,-9999,-9999,-9999,-9999,-9999,25.0,25.0,25.0,25.0,25.0,25.0,25.0,25.0,25.0,25.0,25.0,25.0
2492-26-4,-9999,-9999,-9999,-9999,-9999,-9999,-9999,-9999,-9999,-9999,-9999,-9999,-9999,-9999,-9999,-9999,-9999,542.43,-9999,-9999,-9999,-9999,-9999,-9999,-9999,-9999,-9999,-9999,-9999,-0.48,-9999,-9999,-9999,-9999,-9999,-9999,-9999,-9999,25.0,25.0,25.0,25.0,25.0,25.0,25.0,25.0,25.0,25.0,25.0,25.0
2403-89-6,-9999,-9999,-9999,-9999,-9999,-9999,-9999,-9999,-9999,-9999,-9999,-9999,-9999,-9999,-9999,-9999,-9999,232.34,-9999,-9999,-9999,-9999,-9999,-9999,-9999,-9999,-9999,-9999,7.907,1.15,-9999,-9999,-9999,-9999,-9999,-9999,-9999,-9999,25.0,25.0,25.0,25.0,25.0,25.0,25.0,25.0,25.0,25.0,25.0,25.0
7727-21-1,-9999,-9999,-9999,-9999,-9999,-9999,-9999,-9999,-9999,-9999,-9999,-9999,-9999,-9999,-9999,-9999,-9999,-9999,-9999,-9999,-9999,-9999,-9999,-9999,-9999,-9999,-9999,-9999,-9999,-9999,-9999,-9999,-9999,-9999,-9999,-9999,-9999,-9999,25.0,25.0,25.0,25.0,25.0,25.0,25.0,25.0,25.0,25.0,25.0,25.0
156-87-6,-9999,-9999,-9999,-9999,-9999,-9999,-9999,-9999,-9999,-9999,-9999,-9999,-9999,-9999,-9999,-9999,-9999,151.48,-9999,-9999,-9999,-9999,-9999,-9999,-9999,-9999,-9999,-9999,6.58,-1.12,-9999,-9999,-9999,-9999,-9999,-9999,-9999,-9999,25.0,25.0,25.0,25.0,25.0,25.0,25.0,25.0,25.0,25.0,25.0,25.0
632-79-1,-9999,-9999,-9999,-9999,-9999,-9999,-9999,-9999,-9999,-9999,-9999,-9999,-9999,-9999,-9999,-9999,-9999,394.08,-9999,-9999,-9999,-9999,-9999,-9999,-9999,-9999,-9999,-9999,10.814,5.63,-9999,-9999,-9999,-9999,-9999,-9999,-9999,-9999,25.0,25.0,25.0,25.0,25.0,25.0,25.0,25.0,25.0,25.0,25.0,25.0
7775-27-1,-9999,-9999,-9999,-9999,-9999,-9999,-9999,-9999,-9999,-9999,-9999,-9999,-9999,-9999,-9999,-9999,-9999,-9999,-9999,-9999,-9999,-9999,-9999,-9999,-9999,-9999,-9999,-9999,-9999,-9999,-9999,-9999,-9999,-9999,-9999,-9999,-9999,-9999,25.0,25.0,25.0,25.0,25.0,25.0,25.0,25.0,25.0,25.0,25.0,25.0
886-50-0,-9999,-9999,-9999,-9999,-9999,-9999,-9999,-9999,-9999,-9999,241.35955,-9999,-9999,-9999,-9999,-9999,-9999,349.08,148000.0,-9999,-9999,4.083148364141896e-11,-9.02,-9999,9.819505360623782e-09,9.819505360623782e-09,9.819505360623782e-09,-9999,9.998,3.77,-9999,-9999,-9999,-9999,-9999,9.9,15.95,-9999,25.0,25.0,25.0,25.0,25.0,25.0,25.0,25.0,25.0,25.0,25.0,25.0
112-72-1,-9999,-9999,-9999,-9999,-9999,-9999,-9999,-9999,-9999,-9999,-9999,-9999,-9999,-9999,-9999,-9999,-9999,303.68,-9999,-9999,-9999,-9999,-9999,-9999,-9999,-9999,-9999,-9999,8.061,5.75,-9999,-9999,-9999,-9999,-9999,-9999,-9999,-9999,25.0,25.0,25.0,25.0,25.0,25.0,25.0,25.0,25.0,25.0,25.0,25.0
631-61-8,-9999,-9999,-9999,-9999,-9999,-9999,-9999,-9999,-9999,-9999,-9999,-9999,-9999,-9999,-9999,-9999,-9999,312.76,-9999,-9999,-9999,-9999,-9999,-9999,-9999,-9999,-9999,-9999,10.179,-2.79,-9999,-9999,-9999,-9999,-9999,-9999,-9999,-9999,25.0,25.0,25.0,25.0,25.0,25.0,25.0,25.0,25.0,25.0,25.0,25.0
2451-62-9,-9999,-9999,-9999,-9999,-9999,-9999,-9999,-9999,-9999,-9999,-9999,-9999,-9999,-9999,-9999,-9999,-9999,514.87,-9999,-9999,-9999,-9999,-9999,-9999,-9999,-9999,-9999,-9999,19.625,1.21,-9999,-9999,-9999,-9999,-9999,-9999,-9999,-9999,25.0,25.0,25.0,25.0,25.0,25.0,25.0,25.0,25.0,25.0,25.0,25.0
123-05-7,-9999,-9999,-9999,-9999,-9999,-9999,-9999,-9999,-9999,-9999,-9999,-9999,-9999,-9999,-9999,-9999,-9999,163.14,-9999,-9999,-9999,-9999,-9999,-9999,-9999,-9999,-9999,-9999,4.3735,2.71,-9999,-9999,-9999,-9999,-9999,-9999,-9999,-9999,25.0,25.0,25.0,25.0,25.0,25.0,25.0,25.0,25.0,25.0,25.0,25.0
25340-17-4,-9999,-9999,-9999,-9999,-9999,-9999,-9999,-9999,-9999,-9999,-9999,-9999,-9999,-9999,-9999,-9999,-9999,190.75,-9999,-9999,-9999,-9999,-9999,-9999,-9999,-9999,-9999,-9999,4.543,4.07,-9999,-9999,-9999,-9999,-9999,-9999,-9999,-9999,25.0,25.0,25.0,25.0,25.0,25.0,25.0,25.0,25.0,25.0,25.0,25.0
111-30-8,-9999,-9999,-9999,-9999,-9999,-9999,-9999,-9999,-9999,-9999,-9999,-9999,-9999,-9999,-9999,-9999,-9999,166.1,-9999,-9999,-9999,-9999,-9999,-9999,-9999,-9999,-9999,-9999,5.167,-0.18,-9999,-9999,-9999,-9999,-9999,-9999,-9999,-9999,25.0,25.0,25.0,25.0,25.0,25.0,25.0,25.0,25.0,25.0,25.0,25.0
36727-29-4,-9999,-9999,-9999,-9999,-9999,-9999,-9999,-9999,-9999,-9999,-9999,-9999,-9999,-9999,-9999,-9999,-9999,182.53,-9999,-9999,-9999,-9999,-9999,-9999,-9999,-9999,-9999,-9999,3.485,2.78,-9999,-9999,-9999,-9999,-9999,-9999,-9999,-9999,25.0,25.0,25.0,25.0,25.0,25.0,25.0,25.0,25.0,25.0,25.0,25.0
106-93-4,-9999,-9999,-9999,-9999,-9999,-9999,-9999,-9999,-9999,-9999,-9999,-9999,-9999,-9999,-9999,-9999,-9999,131.03,-9999,-9999,-9999,-9999,-9999,-9999,-9999,-9999,-9999,-9999,3.4105,2.01,-9999,-9999,-9999,-9999,-9999,-9999,-9999,-9999,25.0,25.0,25.0,25.0,25.0,25.0,25.0,25.0,25.0,25.0,25.0,25.0
471-53-4,-9999,-9999,-9999,-9999,-9999,-9999,-9999,-9999,-9999,-9999,-9999,-9999,-9999,-9999,-9999,-9999,-9999,558.01,-9999,-9999,-9999,-9999,-9999,-9999,9.819505360623782e-09,9.819505360623782e-09,9.819505360623782e-09,-9999,17.994,6.9,-9999,-9999,-9999,-9999,-9999,-9999,-9999,-9999,25.0,25.0,25.0,25.0,25.0,25.0,25.0,25.0,25.0,25.0,25.0,25.0
87-86-5,-9999,-9999,-9999,-9999,-9999,-9999,-9999,-9999,-9999,-9999,266.33595,-9999,-9999,-9999,-9999,-9999,-9999,311.71,62734.0,-9999,-9999,-9999,-3.97,-9999,9.819505360623782e-09,9.819505360623782e-09,9.819505360623782e-09,-9999,10.5755,4.74,-9999,-9999,-9999,-9999,-9999,-9999,-9999,-9999,25.0,25.0,25.0,25.0,25.0,25.0,25.0,25.0,25.0,25.0,25.0,25.0
106-43-4,-9999,-9999,-9999,-9999,-9999,-9999,-9999,-9999,-9999,-9999,-9999,-9999,-9999,-9999,-9999,-9999,-9999,161.66,-9999,-9999,-9999,-9999,-9999,-9999,-9999,-9999,-9999,-9999,4.0005,3.18,-9999,-9999,-9999,-9999,-9999,-9999,-9999,-9999,25.0,25.0,25.0,25.0,25.0,25.0,25.0,25.0,25.0,25.0,25.0,25.0
1843-05-6,-9999,-9999,-9999,-9999,-9999,-9999,-9999,-9999,-9999,-9999,-9999,-9999,-9999,-9999,-9999,-9999,-9999,444.63,-9999,-9999,-9999,-9999,-9999,-9999,-9999,-9999,-9999,-9999,12.311,6.96,-9999,-9999,-9999,-9999,-9999,-9999,-9999,-9999,25.0,25.0,25.0,25.0,25.0,25.0,25.0,25.0,25.0,25.0,25.0,25.0
288-88-0,-9999,-9999,-9999,-9999,-9999,-9999,-9999,-9999,-9999,-9999,-9999,-9999,-9999,-9999,-9999,-9999,-9999,189.63,-9999,-9999,-9999,-9999,-9999,-9999,-9999,-9999,-9999,-9999,3.534,-0.76,-9999,-9999,-9999,-9999,-9999,-9999,-9999,-9999,25.0,25.0,25.0,25.0,25.0,25.0,25.0,25.0,25.0,25.0,25.0,25.0
98-54-4,-9999,-9999,-9999,-9999,-9999,-9999,-9999,-9999,-9999,-9999,-9999,-9999,-9999,-9999,-9999,-9999,-9999,229.66,-9999,-9999,-9999,-9999,-9999,-9999,-9999,-9999,-9999,-9999,7.635,3.42,-9999,-9999,-9999,-9999,-9999,-9999,-9999,-9999,25.0,25.0,25.0,25.0,25.0,25.0,25.0,25.0,25.0,25.0,25.0,25.0
1314-56-3,-9999,-9999,-9999,-9999,-9999,-9999,-9999,-9999,-9999,-9999,-9999,-9999,-9999,-9999,-9999,-9999,-9999,-9999,-9999,-9999,-9999,-9999,-9999,-9999,-9999,-9999,-9999,-9999,-9999,-9999,-9999,-9999,-9999,-9999,-9999,-9999,-9999,-9999,25.0,25.0,25.0,25.0,25.0,25.0,25.0,25.0,25.0,25.0,25.0,25.0
56-35-9,-9999,-9999,-9999,-9999,-9999,-9999,-9999,-9999,-9999,-9999,596.06275,-9999,-9999,-9999,-9999,-9999,-9999,417.34,-9999,-9999,-9999,-9999,1.31,-9999,9.819505360623782e-09,9.819505360623782e-09,9.819505360623782e-09,-9999,4.605499999999999,4.05,-9999,-9999,-9999,-9999,-9999,-9999,-9999,-9999,25.0,25.0,25.0,25.0,25.0,25.0,25.0,25.0,25.0,25.0,25.0,25.0
1066-33-7,-9999,-9999,-9999,-9999,-9999,-9999,-9999,-9999,-9999,-9999,-9999,-9999,-9999,-9999,-9999,-9999,-9999,-9999,-9999,-9999,-9999,-9999,-9999,-9999,-9999,-9999,-9999,-9999,-9999,-9999,-9999,-9999,-9999,-9999,-9999,-9999,-9999,-9999,25.0,25.0,25.0,25.0,25.0,25.0,25.0,25.0,25.0,25.0,25.0,25.0
16066-35-6,-9999,-9999,-9999,-9999,-9999,-9999,-9999,-9999,-9999,-9999,-9999,-9999,-9999,-9999,-9999,-9999,-9999,348.5,-9999,-9999,-9999,-9999,-9999,-9999,-9999,-9999,-9999,-9999,6.989,0.29,-9999,-9999,-9999,-9999,-9999,-9999,-9999,-9999,25.0,25.0,25.0,25.0,25.0,25.0,25.0,25.0,25.0,25.0,25.0,25.0
101-43-9,-9999,-9999,-9999,-9999,-9999,-9999,-9999,-9999,-9999,-9999,-9999,-9999,-9999,-9999,-9999,-9999,-9999,212.59,-9999,-9999,-9999,-9999,-9999,-9999,-9999,-9999,-9999,-9999,5.304,3.54,-9999,-9999,-9999,-9999,-9999,-9999,-9999,-9999,25.0,25.0,25.0,25.0,25.0,25.0,25.0,25.0,25.0,25.0,25.0,25.0
154598-52-4,-9999,-9999,-9999,-9999,-9999,-9999,-9999,-9999,-9999,-9999,-9999,-9999,-9999,-9999,-9999,-9999,-9999,396.35,-9999,-9999,-9999,-9999,-9999,-9999,9.819505360623782e-09,9.819505360623782e-09,9.819505360623782e-09,-9999,11.232,4.69,-9999,-9999,-9999,-9999,-9999,-9999,-9999,-9999,25.0,25.0,25.0,25.0,25.0,25.0,25.0,25.0,25.0,25.0,25.0,25.0
85509-19-9,-9999,-9999,-9999,-9999,-9999,-9999,-9999,-9999,-9999,-9999,-9999,-9999,-9999,-9999,-9999,-9999,-9999,373.97,-9999,-9999,-9999,-9999,-9999,-9999,9.819505360623782e-09,9.819505360623782e-09,9.819505360623782e-09,-9999,8.979,4.89,-9999,-9999,-9999,-9999,-9999,-9999,-9999,-9999,25.0,25.0,25.0,25.0,25.0,25.0,25.0,25.0,25.0,25.0,25.0,25.0
102767-28-2,-9999,-9999,-9999,-9999,-9999,-9999,-9999,-9999,-9999,-9999,-9999,-9999,-9999,-9999,-9999,-9999,-9999,367.03,-9999,-9999,-9999,-9999,-9999,-9999,9.819505360623782e-09,9.819505360623782e-09,9.819505360623782e-09,-9999,7.472,-0.49,-9999,-9999,-9999,-9999,-9999,-9999,-9999,-9999,25.0,25.0,25.0,25.0,25.0,25.0,25.0,25.0,25.0,25.0,25.0,25.0
1067-53-4,-9999,-9999,-9999,-9999,-9999,-9999,-9999,-9999,-9999,-9999,-9999,-9999,-9999,-9999,-9999,-9999,-9999,294.7,-9999,-9999,-9999,-9999,-9999,-9999,-9999,-9999,-9999,-9999,6.734,-1.14,-9999,-9999,-9999,-9999,-9999,-9999,-9999,-9999,25.0,25.0,25.0,25.0,25.0,25.0,25.0,25.0,25.0,25.0,25.0,25.0
154361-50-9,-9999,-9999,-9999,-9999,-9999,-9999,-9999,-9999,-9999,-9999,-9999,-9999,-9999,-9999,-9999,-9999,-9999,492.85,-9999,-9999,-9999,-9999,-9999,-9999,9.819505360623782e-09,9.819505360623782e-09,9.819505360623782e-09,-9999,17.483,0.56,-9999,-9999,-9999,-9999,-9999,-9999,-9999,-9999,25.0,25.0,25.0,25.0,25.0,25.0,25.0,25.0,25.0,25.0,25.0,25.0
584-84-9,-9999,-9999,-9999,-9999,-9999,-9999,-9999,-9999,-9999,-9999,-9999,-9999,-9999,-9999,-9999,-9999,-9999,227.05,-9999,-9999,-9999,-9999,-9999,-9999,-9999,-9999,-9999,-9999,7.083,3.74,-9999,-9999,-9999,-9999,-9999,-9999,-9999,-9999,25.0,25.0,25.0,25.0,25.0,25.0,25.0,25.0,25.0,25.0,25.0,25.0
85-43-8,-9999,-9999,-9999,-9999,-9999,-9999,-9999,-9999,-9999,-9999,-9999,-9999,-9999,-9999,-9999,-9999,-9999,235.87,-9999,-9999,-9999,-9999,-9999,-9999,-9999,-9999,-9999,-9999,5.072,1.96,-9999,-9999,-9999,-9999,-9999,-9999,-9999,-9999,25.0,25.0,25.0,25.0,25.0,25.0,25.0,25.0,25.0,25.0,25.0,25.0
498-66-8,-9999,-9999,-9999,-9999,-9999,-9999,-9999,-9999,-9999,-9999,-9999,-9999,-9999,-9999,-9999,-9999,-9999,109.63,-9999,-9999,-9999,-9999,-9999,-9999,-9999,-9999,-9999,-9999,2.8449999999999998,2.85,-9999,-9999,-9999,-9999,-9999,-9999,-9999,-9999,25.0,25.0,25.0,25.0,25.0,25.0,25.0,25.0,25.0,25.0,25.0,25.0
25513-64-8,-9999,-9999,-9999,-9999,-9999,-9999,-9999,-9999,-9999,-9999,-9999,-9999,-9999,-9999,-9999,-9999,-9999,219.26,-9999,-9999,-9999,-9999,-9999,-9999,-9999,-9999,-9999,-9999,8.142,1.63,-9999,-9999,-9999,-9999,-9999,-9999,-9999,-9999,25.0,25.0,25.0,25.0,25.0,25.0,25.0,25.0,25.0,25.0,25.0,25.0
106-65-0,-9999,-9999,-9999,-9999,-9999,-9999,-9999,-9999,-9999,-9999,-9999,-9999,-9999,-9999,-9999,-9999,-9999,144.16,-9999,-9999,-9999,-9999,-9999,-9999,-9999,-9999,-9999,-9999,5.02,0.4,-9999,-9999,-9999,-9999,-9999,-9999,-9999,-9999,25.0,25.0,25.0,25.0,25.0,25.0,25.0,25.0,25.0,25.0,25.0,25.0
108-88-3,-9999,-9999,-9999,-9999,-9999,-9999,-9999,-9999,-9999,-9999,-9999,-9999,-9999,-9999,-9999,-9999,-9999,125.72,-9999,-9999,-9999,-9999,-9999,-9999,-9999,-9999,-9999,-9999,3.2249999999999996,2.54,-9999,-9999,-9999,-9999,-9999,-9999,-9999,-9999,25.0,25.0,25.0,25.0,25.0,25.0,25.0,25.0,25.0,25.0,25.0,25.0
6535-46-2,-9999,-9999,-9999,-9999,-9999,-9999,-9999,-9999,-9999,-9999,-9999,-9999,-9999,-9999,-9999,-9999,-9999,666.07,-9999,-9999,-9999,-9999,-9999,-9999,-9999,-9999,-9999,-9999,21.317,9.21,-9999,-9999,-9999,-9999,-9999,-9999,-9999,-9999,25.0,25.0,25.0,25.0,25.0,25.0,25.0,25.0,25.0,25.0,25.0,25.0
123732-85-4,-9999,-9999,-9999,-9999,-9999,-9999,-9999,-9999,-9999,-9999,-9999,-9999,-9999,-9999,-9999,-9999,-9999,427.44,-9999,-9999,-9999,-9999,-9999,-9999,9.819505360623782e-09,9.819505360623782e-09,9.819505360623782e-09,-9999,12.678,0.87,-9999,-9999,-9999,-9999,-9999,-9999,-9999,-9999,25.0,25.0,25.0,25.0,25.0,25.0,25.0,25.0,25.0,25.0,25.0,25.0
205-82-3,-9999,-9999,-9999,-9999,-9999,-9999,-9999,-9999,-9999,-9999,252.3074,-9999,-9999,-9999,-9999,-9999,-9999,442.75,50004.0,-9999,-9999,-9999,-4.64,-9999,9.819505360623782e-09,9.819505360623782e-09,9.819505360623782e-09,-9999,10.59,6.11,-9999,-9999,-9999,-9999,-9999,-9999,-9999,-9999,25.0,25.0,25.0,25.0,25.0,25.0,25.0,25.0,25.0,25.0,25.0,25.0
7758-16-9,-9999,-9999,-9999,-9999,-9999,-9999,-9999,-9999,-9999,-9999,-9999,-9999,-9999,-9999,-9999,-9999,-9999,-9999,-9999,-9999,-9999,-9999,-9999,-9999,-9999,-9999,-9999,-9999,-9999,-9999,-9999,-9999,-9999,-9999,-9999,-9999,-9999,-9999,25.0,25.0,25.0,25.0,25.0,25.0,25.0,25.0,25.0,25.0,25.0,25.0
107-21-1,-9999,-9999,-9999,-9999,-9999,-9999,-9999,-9999,-9999,-9999,-9999,-9999,-9999,-9999,-9999,-9999,-9999,153.53,-9999,-9999,-9999,-9999,-9999,-9999,-9999,-9999,-9999,-9999,4.1605,-1.2,-9999,-9999,-9999,-9999,-9999,-9999,-9999,-9999,25.0,25.0,25.0,25.0,25.0,25.0,25.0,25.0,25.0,25.0,25.0,25.0
121-03-9,-9999,-9999,-9999,-9999,-9999,-9999,-9999,-9999,-9999,-9999,-9999,-9999,-9999,-9999,-9999,-9999,-9999,387.97,-9999,-9999,-9999,-9999,-9999,-9999,-9999,-9999,-9999,-9999,8.547,-0.8,-9999,-9999,-9999,-9999,-9999,-9999,-9999,-9999,25.0,25.0,25.0,25.0,25.0,25.0,25.0,25.0,25.0,25.0,25.0,25.0
693-23-2,-9999,-9999,-9999,-9999,-9999,-9999,-9999,-9999,-9999,-9999,-9999,-9999,-9999,-9999,-9999,-9999,-9999,383.26,-9999,-9999,-9999,-9999,-9999,-9999,-9999,-9999,-9999,-9999,11.841,3.17,-9999,-9999,-9999,-9999,-9999,-9999,-9999,-9999,25.0,25.0,25.0,25.0,25.0,25.0,25.0,25.0,25.0,25.0,25.0,25.0
50-32-8,-9999,-9999,-9999,-9999,-9999,-9999,-9999,-9999,-9999,-9999,252.3074,-9999,-9999,-9999,-9999,-9999,-9999,442.75,38020.0,-9999,-9999,-9999,-4.62,-9999,9.819505360623782e-09,9.819505360623782e-09,9.819505360623782e-09,-9999,10.724499999999999,6.11,-9999,-9999,-9999,-9999,-9999,-9999,-9999,-9999,25.0,25.0,25.0,25.0,25.0,25.0,25.0,25.0,25.0,25.0,25.0,25.0
4292-10-8,-9999,-9999,-9999,-9999,-9999,-9999,-9999,-9999,-9999,-9999,-9999,-9999,-9999,-9999,-9999,-9999,-9999,701.55,-9999,-9999,-9999,-9999,-9999,-9999,-9999,-9999,-9999,-9999,23.719,1.14,-9999,-9999,-9999,-9999,-9999,-9999,-9999,-9999,25.0,25.0,25.0,25.0,25.0,25.0,25.0,25.0,25.0,25.0,25.0,25.0
2795-39-3,-9999,-9999,-9999,-9999,-9999,-9999,-9999,-9999,-9999,-9999,537.7084500000001,-9999,-9999,-9999,-9999,-9999,-9999,456.6,-9999,-9999,-9999,-9999,-9999,-9999,9.819505360623782e-09,9.819505360623782e-09,9.819505360623782e-09,-9999,-9999,2.35,-9999,-9999,-9999,-9999,-9999,-9999,-9999,-9999,25.0,25.0,25.0,25.0,25.0,25.0,25.0,25.0,25.0,25.0,25.0,25.0
95962-14-4,-9999,-9999,-9999,-9999,-9999,-9999,-9999,-9999,-9999,-9999,-9999,-9999,-9999,-9999,-9999,-9999,-9999,308.22,-9999,-9999,-9999,-9999,-9999,-9999,-9999,-9999,-9999,-9999,6.961,5.05,-9999,-9999,-9999,-9999,-9999,-9999,-9999,-9999,25.0,25.0,25.0,25.0,25.0,25.0,25.0,25.0,25.0,25.0,25.0,25.0
96-33-3,-9999,-9999,-9999,-9999,-9999,-9999,-9999,-9999,-9999,-9999,-9999,-9999,-9999,-9999,-9999,-9999,-9999,76.05,-9999,-9999,-9999,-9999,-9999,-9999,-9999,-9999,-9999,-9999,3.021,0.73,-9999,-9999,-9999,-9999,-9999,-9999,-9999,-9999,25.0,25.0,25.0,25.0,25.0,25.0,25.0,25.0,25.0,25.0,25.0,25.0
15214-89-8,-9999,-9999,-9999,-9999,-9999,-9999,-9999,-9999,-9999,-9999,-9999,-9999,-9999,-9999,-9999,-9999,-9999,401.53,-9999,-9999,-9999,-9999,-9999,-9999,-9999,-9999,-9999,-9999,10.484,-2.19,-9999,-9999,-9999,-9999,-9999,-9999,-9999,-9999,25.0,25.0,25.0,25.0,25.0,25.0,25.0,25.0,25.0,25.0,25.0,25.0
32774-16-6,-9999,-9999,-9999,-9999,-9999,-9999,-9999,-9999,-9999,-9999,360.8748,-9999,-9999,-9999,-9999,-9999,-9999,396.9,54847.0,-9999,-9999,-9999,-3.18,-9999,9.819505360623782e-09,9.819505360623782e-09,9.819505360623782e-09,-9999,10.068,7.62,-9999,-9999,-9999,-9999,-9999,-9999,-9999,-9999,25.0,25.0,25.0,25.0,25.0,25.0,25.0,25.0,25.0,25.0,25.0,25.0
79-77-6,-9999,-9999,-9999,-9999,-9999,-9999,-9999,-9999,-9999,-9999,-9999,-9999,-9999,-9999,-9999,-9999,-9999,262.93,-9999,-9999,-9999,-9999,-9999,-9999,-9999,-9999,-9999,-9999,6.4445,4.42,-9999,-9999,-9999,-9999,-9999,-9999,-9999,-9999,25.0,25.0,25.0,25.0,25.0,25.0,25.0,25.0,25.0,25.0,25.0,25.0
80-43-3,-9999,-9999,-9999,-9999,-9999,-9999,-9999,-9999,-9999,-9999,-9999,-9999,-9999,-9999,-9999,-9999,-9999,341.08,-9999,-9999,-9999,-9999,-9999,-9999,-9999,-9999,-9999,-9999,8.433,5.88,-9999,-9999,-9999,-9999,-9999,-9999,-9999,-9999,25.0,25.0,25.0,25.0,25.0,25.0,25.0,25.0,25.0,25.0,25.0,25.0
13392-28-4,-9999,-9999,-9999,-9999,-9999,-9999,-9999,-9999,-9999,-9999,-9999,-9999,-9999,-9999,-9999,-9999,-9999,240.21,-9999,-9999,-9999,-9999,-9999,-9999,9.819505360623782e-09,9.819505360623782e-09,9.819505360623782e-09,-9999,6.561,3.34,-9999,-9999,-9999,-9999,-9999,-9999,-9999,-9999,25.0,25.0,25.0,25.0,25.0,25.0,25.0,25.0,25.0,25.0,25.0,25.0
68479-98-1,-9999,-9999,-9999,-9999,-9999,-9999,-9999,-9999,-9999,-9999,-9999,-9999,-9999,-9999,-9999,-9999,-9999,328.81,-9999,-9999,-9999,-9999,-9999,-9999,-9999,-9999,-9999,-9999,9.417,2.23,-9999,-9999,-9999,-9999,-9999,-9999,-9999,-9999,25.0,25.0,25.0,25.0,25.0,25.0,25.0,25.0,25.0,25.0,25.0,25.0
110-54-3,-9999,-9999,-9999,-9999,-9999,-9999,-9999,-9999,-9999,-9999,-9999,-9999,-9999,-9999,-9999,-9999,-9999,71.53,-9999,-9999,-9999,-9999,-9999,-9999,-9999,-9999,-9999,-9999,1.7389999999999999,3.29,-9999,-9999,-9999,-9999,-9999,-9999,-9999,-9999,25.0,25.0,25.0,25.0,25.0,25.0,25.0,25.0,25.0,25.0,25.0,25.0
95-80-7,-9999,-9999,-9999,-9999,-9999,-9999,-9999,-9999,-9999,-9999,-9999,-9999,-9999,-9999,-9999,-9999,-9999,270.43,-9999,-9999,-9999,-9999,-9999,-9999,-9999,-9999,-9999,-9999,7.667,0.16,-9999,-9999,-9999,-9999,-9999,-9999,-9999,-9999,25.0,25.0,25.0,25.0,25.0,25.0,25.0,25.0,25.0,25.0,25.0,25.0
1314-80-3,-9999,-9999,-9999,-9999,-9999,-9999,-9999,-9999,-9999,-9999,-9999,-9999,-9999,-9999,-9999,-9999,-9999,-9999,-9999,-9999,-9999,-9999,-9999,-9999,-9999,-9999,-9999,-9999,-9999,-9999,-9999,-9999,-9999,-9999,-9999,-9999,-9999,-9999,25.0,25.0,25.0,25.0,25.0,25.0,25.0,25.0,25.0,25.0,25.0,25.0
149-44-0,-9999,-9999,-9999,-9999,-9999,-9999,-9999,-9999,-9999,-9999,-9999,-9999,-9999,-9999,-9999,-9999,-9999,484.1,-9999,-9999,-9999,-9999,-9999,-9999,-9999,-9999,-9999,-9999,6.654,-6.17,-9999,-9999,-9999,-9999,-9999,-9999,-9999,-9999,25.0,25.0,25.0,25.0,25.0,25.0,25.0,25.0,25.0,25.0,25.0,25.0
2702-72-9,-9999,-9999,-9999,-9999,-9999,-9999,-9999,-9999,-9999,-9999,-9999,-9999,-9999,-9999,-9999,-9999,-9999,525.94,-9999,-9999,-9999,-9999,-9999,-9999,-9999,-9999,-9999,-9999,5.232,-1.19,-9999,-9999,-9999,-9999,-9999,-9999,-9999,-9999,25.0,25.0,25.0,25.0,25.0,25.0,25.0,25.0,25.0,25.0,25.0,25.0
39227-28-6,-9999,-9999,-9999,-9999,-9999,-9999,-9999,-9999,-9999,-9999,390.8559,-9999,-9999,-9999,-9999,-9999,-9999,416.55,70334.0,-9999,-9999,-9999,-3.72,-9999,2.4310714786756453e-07,2.4310714786756453e-07,2.4310714786756453e-07,-9999,12.156500000000001,8.21,-9999,-9999,-9999,-9999,-9999,-9999,-9999,-9999,25.0,25.0,25.0,25.0,25.0,25.0,25.0,25.0,25.0,25.0,25.0,25.0
123-51-3,-9999,-9999,-9999,-9999,-9999,-9999,-9999,-9999,-9999,-9999,-9999,-9999,-9999,-9999,-9999,-9999,-9999,123.17,-9999,-9999,-9999,-9999,-9999,-9999,-9999,-9999,-9999,-9999,4.462,1.26,-9999,-9999,-9999,-9999,-9999,-9999,-9999,-9999,25.0,25.0,25.0,25.0,25.0,25.0,25.0,25.0,25.0,25.0,25.0,25.0
55268-74-1,-9999,-9999,-9999,-9999,-9999,-9999,-9999,-9999,-9999,-9999,-9999,-9999,-9999,-9999,-9999,-9999,-9999,478.14,-9999,-9999,-9999,-9999,-9999,-9999,2.8775236297093366e-07,2.8775236297093366e-07,2.8775236297093366e-07,-9999,11.214,2.42,-9999,-9999,-9999,-9999,-9999,-9999,-9999,-9999,25.0,25.0,25.0,25.0,25.0,25.0,25.0,25.0,25.0,25.0,25.0,25.0
41098-56-0,-9999,-9999,-9999,-9999,-9999,-9999,-9999,-9999,-9999,-9999,-9999,-9999,-9999,-9999,-9999,-9999,-9999,1680.3,-9999,-9999,-9999,-9999,-9999,-9999,-9999,-9999,-9999,-9999,-9999,-1.85,-9999,-9999,-9999,-9999,-9999,-9999,-9999,-9999,25.0,25.0,25.0,25.0,25.0,25.0,25.0,25.0,25.0,25.0,25.0,25.0
1047-16-1,-9999,-9999,-9999,-9999,-9999,-9999,-9999,-9999,-9999,-9999,-9999,-9999,-9999,-9999,-9999,-9999,-9999,512.63,-9999,-9999,-9999,-9999,-9999,-9999,-9999,-9999,-9999,-9999,15.029,1.38,-9999,-9999,-9999,-9999,-9999,-9999,-9999,-9999,25.0,25.0,25.0,25.0,25.0,25.0,25.0,25.0,25.0,25.0,25.0,25.0
111-90-0,-9999,-9999,-9999,-9999,-9999,-9999,-9999,-9999,-9999,-9999,-9999,-9999,-9999,-9999,-9999,-9999,-9999,202.21,-9999,-9999,-9999,-9999,-9999,-9999,-9999,-9999,-9999,-9999,6.131,-0.69,-9999,-9999,-9999,-9999,-9999,-9999,-9999,-9999,25.0,25.0,25.0,25.0,25.0,25.0,25.0,25.0,25.0,25.0,25.0,25.0
120-78-5,-9999,-9999,-9999,-9999,-9999,-9999,-9999,-9999,-9999,-9999,-9999,-9999,-9999,-9999,-9999,-9999,-9999,501.28,-9999,-9999,-9999,-9999,-9999,-9999,-9999,-9999,-9999,-9999,15.679,4.66,-9999,-9999,-9999,-9999,-9999,-9999,-9999,-9999,25.0,25.0,25.0,25.0,25.0,25.0,25.0,25.0,25.0,25.0,25.0,25.0
112-42-5,-9999,-9999,-9999,-9999,-9999,-9999,-9999,-9999,-9999,-9999,-9999,-9999,-9999,-9999,-9999,-9999,-9999,256.24,-9999,-9999,-9999,-9999,-9999,-9999,-9999,-9999,-9999,-9999,6.808,4.28,-9999,-9999,-9999,-9999,-9999,-9999,-9999,-9999,25.0,25.0,25.0,25.0,25.0,25.0,25.0,25.0,25.0,25.0,25.0,25.0
113806-05-6,-9999,-9999,-9999,-9999,-9999,-9999,-9999,-9999,-9999,-9999,-9999,-9999,-9999,-9999,-9999,-9999,-9999,555.46,-9999,-9999,-9999,-9999,-9999,-9999,1.7827857510288067e-07,1.7827857510288067e-07,1.7827857510288067e-07,-9999,12.262,0.23,-9999,-9999,-9999,-9999,-9999,-9999,-9999,-9999,25.0,25.0,25.0,25.0,25.0,25.0,25.0,25.0,25.0,25.0,25.0,25.0
1404-90-6,-9999,-9999,-9999,-9999,-9999,-9999,-9999,-9999,-9999,-9999,-9999,-9999,-9999,-9999,-9999,-9999,-9999,2263.2,-9999,-9999,-9999,-9999,-9999,-9999,9.819505360623782e-09,9.819505360623782e-09,9.819505360623782e-09,-9999,-9999,-0.84,-9999,-9999,-9999,-9999,-9999,-9999,-9999,-9999,25.0,25.0,25.0,25.0,25.0,25.0,25.0,25.0,25.0,25.0,25.0,25.0
14433-76-2,-9999,-9999,-9999,-9999,-9999,-9999,-9999,-9999,-9999,-9999,-9999,-9999,-9999,-9999,-9999,-9999,-9999,289.65,-9999,-9999,-9999,-9999,-9999,-9999,-9999,-9999,-9999,-9999,8.112,3.44,-9999,-9999,-9999,-9999,-9999,-9999,-9999,-9999,25.0,25.0,25.0,25.0,25.0,25.0,25.0,25.0,25.0,25.0,25.0,25.0
23783-42-8,-9999,-9999,-9999,-9999,-9999,-9999,-9999,-9999,-9999,-9999,-9999,-9999,-9999,-9999,-9999,-9999,-9999,291.14,-9999,-9999,-9999,-9999,-9999,-9999,-9999,-9999,-9999,-9999,9.463,-1.73,-9999,-9999,-9999,-9999,-9999,-9999,-9999,-9999,25.0,25.0,25.0,25.0,25.0,25.0,25.0,25.0,25.0,25.0,25.0,25.0
56-23-5,-9999,-9999,-9999,-9999,-9999,-9999,-9999,-9999,-9999,-9999,-9999,-9999,-9999,-9999,-9999,-9999,-9999,80.36,-9999,-9999,-9999,-9999,-9999,-9999,-9999,-9999,-9999,-9999,2.601,2.44,-9999,-9999,-9999,-9999,-9999,-9999,-9999,-9999,25.0,25.0,25.0,25.0,25.0,25.0,25.0,25.0,25.0,25.0,25.0,25.0
56706-10-6,-9999,-9999,-9999,-9999,-9999,-9999,-9999,-9999,-9999,-9999,-9999,-9999,-9999,-9999,-9999,-9999,-9999,445.52,-9999,-9999,-9999,-9999,-9999,-9999,-9999,-9999,-9999,-9999,9.712,3.78,-9999,-9999,-9999,-9999,-9999,-9999,-9999,-9999,25.0,25.0,25.0,25.0,25.0,25.0,25.0,25.0,25.0,25.0,25.0,25.0
7320-34-5,-9999,-9999,-9999,-9999,-9999,-9999,-9999,-9999,-9999,-9999,-9999,-9999,-9999,-9999,-9999,-9999,-9999,-9999,-9999,-9999,-9999,-9999,-9999,-9999,-9999,-9999,-9999,-9999,-9999,-9999,-9999,-9999,-9999,-9999,-9999,-9999,-9999,-9999,25.0,25.0,25.0,25.0,25.0,25.0,25.0,25.0,25.0,25.0,25.0,25.0
110-82-7,-9999,-9999,-9999,-9999,-9999,-9999,-9999,-9999,-9999,-9999,-9999,-9999,-9999,-9999,-9999,-9999,-9999,89.72,-9999,-9999,-9999,-9999,-9999,-9999,-9999,-9999,-9999,-9999,2.407,3.18,-9999,-9999,-9999,-9999,-9999,-9999,-9999,-9999,25.0,25.0,25.0,25.0,25.0,25.0,25.0,25.0,25.0,25.0,25.0,25.0
147-94-4,-9999,-9999,-9999,-9999,-9999,-9999,-9999,-9999,-9999,-9999,-9999,-9999,-9999,-9999,-9999,-9999,-9999,449.44,-9999,-9999,-9999,-9999,-9999,-9999,9.819505360623782e-09,9.819505360623782e-09,9.819505360623782e-09,-9999,14.708,-2.46,-9999,-9999,-9999,-9999,-9999,-9999,-9999,-9999,25.0,25.0,25.0,25.0,25.0,25.0,25.0,25.0,25.0,25.0,25.0,25.0
540-84-1,-9999,-9999,-9999,-9999,-9999,-9999,-9999,-9999,-9999,-9999,-9999,-9999,-9999,-9999,-9999,-9999,-9999,81.44,-9999,-9999,-9999,-9999,-9999,-9999,-9999,-9999,-9999,-9999,1.998,4.09,-9999,-9999,-9999,-9999,-9999,-9999,-9999,-9999,25.0,25.0,25.0,25.0,25.0,25.0,25.0,25.0,25.0,25.0,25.0,25.0
5188-07-8,-9999,-9999,-9999,-9999,-9999,-9999,-9999,-9999,-9999,-9999,-9999,-9999,-9999,-9999,-9999,-9999,-9999,387.83,-9999,-9999,-9999,-9999,-9999,-9999,-9999,-9999,-9999,-9999,-9999,-2.33,-9999,-9999,-9999,-9999,-9999,-9999,-9999,-9999,25.0,25.0,25.0,25.0,25.0,25.0,25.0,25.0,25.0,25.0,25.0,25.0
52663-72-6,-9999,-9999,-9999,-9999,-9999,-9999,-9999,-9999,-9999,-9999,360.8748,-9999,-9999,-9999,-9999,-9999,-9999,396.9,47132.0,-9999,-9999,-9999,-2.61,-9999,9.819505360623782e-09,9.819505360623782e-09,9.819505360623782e-09,-9999,10.113,7.62,-9999,-9999,-9999,-9999,-9999,-9999,-9999,-9999,25.0,25.0,25.0,25.0,25.0,25.0,25.0,25.0,25.0,25.0,25.0,25.0
80-62-6,-9999,-9999,-9999,-9999,-9999,-9999,-9999,-9999,-9999,-9999,-9999,-9999,-9999,-9999,-9999,-9999,-9999,93.93,-9999,-9999,-9999,-9999,-9999,-9999,-9999,-9999,-9999,-9999,3.386,1.28,-9999,-9999,-9999,-9999,-9999,-9999,-9999,-9999,25.0,25.0,25.0,25.0,25.0,25.0,25.0,25.0,25.0,25.0,25.0,25.0
60-00-4,-9999,-9999,-9999,-9999,-9999,-9999,-9999,-9999,-9999,-9999,-9999,-9999,-9999,-9999,-9999,-9999,-9999,557.81,-9999,-9999,-9999,-9999,-9999,-9999,-9999,-9999,-9999,-9999,13.6135,-3.86,-9999,-9999,-9999,-9999,-9999,-9999,-9999,-9999,25.0,25.0,25.0,25.0,25.0,25.0,25.0,25.0,25.0,25.0,25.0,25.0
74-90-8,-9999,-9999,-9999,-9999,-9999,-9999,-9999,-9999,-9999,-9999,-9999,-9999,-9999,-9999,-9999,-9999,-9999,48.73,-9999,-9999,-9999,-9999,-9999,-9999,-9999,-9999,-9999,-9999,0.665,-0.69,-9999,-9999,-9999,-9999,-9999,-9999,-9999,-9999,25.0,25.0,25.0,25.0,25.0,25.0,25.0,25.0,25.0,25.0,25.0,25.0
104-76-7,-9999,-9999,-9999,-9999,-9999,-9999,-9999,-9999,-9999,-9999,-9999,-9999,-9999,-9999,-9999,-9999,-9999,188.52,-9999,-9999,-9999,-9999,-9999,-9999,-9999,-9999,-9999,-9999,5.661,2.73,-9999,-9999,-9999,-9999,-9999,-9999,-9999,-9999,25.0,25.0,25.0,25.0,25.0,25.0,25.0,25.0,25.0,25.0,25.0,25.0
99-96-7,-9999,-9999,-9999,-9999,-9999,-9999,-9999,-9999,-9999,-9999,-9999,-9999,-9999,-9999,-9999,-9999,-9999,298.03,-9999,-9999,-9999,-9999,-9999,-9999,-9999,-9999,-9999,-9999,10.925,1.39,-9999,-9999,-9999,-9999,-9999,-9999,-9999,-9999,25.0,25.0,25.0,25.0,25.0,25.0,25.0,25.0,25.0,25.0,25.0,25.0
68610-86-6,-9999,-9999,-9999,-9999,-9999,-9999,-9999,-9999,-9999,-9999,-9999,-9999,-9999,-9999,-9999,-9999,-9999,913.94,-9999,-9999,-9999,-9999,-9999,-9999,-9999,-9999,-9999,-9999,28.901,7.1,-9999,-9999,-9999,-9999,-9999,-9999,-9999,-9999,25.0,25.0,25.0,25.0,25.0,25.0,25.0,25.0,25.0,25.0,25.0,25.0
68786-66-3,-9999,-9999,-9999,-9999,-9999,-9999,-9999,-9999,-9999,-9999,-9999,-9999,-9999,-9999,-9999,-9999,-9999,530.8,-9999,-9999,-9999,-9999,-9999,-9999,9.819505360623782e-09,9.819505360623782e-09,9.819505360623782e-09,-9999,13.94,5.53,-9999,-9999,-9999,-9999,-9999,-9999,-9999,-9999,25.0,25.0,25.0,25.0,25.0,25.0,25.0,25.0,25.0,25.0,25.0,25.0
330-54-1,-9999,-9999,-9999,-9999,-9999,-9999,-9999,-9999,-9999,-9999,233.094,-9999,-9999,-9999,-9999,-9999,-9999,353.86,82510.0,-9999,-9999,-9999,-8.02,-9999,9.819505360623782e-09,9.819505360623782e-09,9.819505360623782e-09,1.8196849174096127e-08,10.349,2.67,-9999,-9999,-9999,-9999,-9999,15.63,16.48,-9999,25.0,25.0,25.0,25.0,25.0,25.0,25.0,25.0,25.0,25.0,25.0,25.0
89-05-4,-9999,-9999,-9999,-9999,-9999,-9999,-9999,-9999,-9999,-9999,-9999,-9999,-9999,-9999,-9999,-9999,-9999,516.24,-9999,-9999,-9999,-9999,-9999,-9999,-9999,-9999,-9999,-9999,19.592,0.15,-9999,-9999,-9999,-9999,-9999,-9999,-9999,-9999,25.0,25.0,25.0,25.0,25.0,25.0,25.0,25.0,25.0,25.0,25.0,25.0
101-02-0,-9999,-9999,-9999,-9999,-9999,-9999,-9999,-9999,-9999,-9999,-9999,-9999,-9999,-9999,-9999,-9999,-9999,410.85,-9999,-9999,-9999,-9999,-9999,-9999,-9999,-9999,-9999,-9999,11.275,6.62,-9999,-9999,-9999,-9999,-9999,-9999,-9999,-9999,25.0,25.0,25.0,25.0,25.0,25.0,25.0,25.0,25.0,25.0,25.0,25.0
101-37-1,-9999,-9999,-9999,-9999,-9999,-9999,-9999,-9999,-9999,-9999,-9999,-9999,-9999,-9999,-9999,-9999,-9999,340.67,-9999,-9999,-9999,-9999,-9999,-9999,-9999,-9999,-9999,-9999,10.026,5.27,-9999,-9999,-9999,-9999,-9999,-9999,-9999,-9999,25.0,25.0,25.0,25.0,25.0,25.0,25.0,25.0,25.0,25.0,25.0,25.0
111-66-0,-9999,-9999,-9999,-9999,-9999,-9999,-9999,-9999,-9999,-9999,-9999,-9999,-9999,-9999,-9999,-9999,-9999,118.13,-9999,-9999,-9999,-9999,-9999,-9999,-9999,-9999,-9999,-9999,2.9395,4.13,-9999,-9999,-9999,-9999,-9999,-9999,-9999,-9999,25.0,25.0,25.0,25.0,25.0,25.0,25.0,25.0,25.0,25.0,25.0,25.0
2495-39-8,-9999,-9999,-9999,-9999,-9999,-9999,-9999,-9999,-9999,-9999,-9999,-9999,-9999,-9999,-9999,-9999,-9999,471.17,-9999,-9999,-9999,-9999,-9999,-9999,-9999,-9999,-9999,-9999,2.488,-3.68,-9999,-9999,-9999,-9999,-9999,-9999,-9999,-9999,25.0,25.0,25.0,25.0,25.0,25.0,25.0,25.0,25.0,25.0,25.0,25.0
107-05-1,-9999,-9999,-9999,-9999,-9999,-9999,-9999,-9999,-9999,-9999,-9999,-9999,-9999,-9999,-9999,-9999,-9999,61.52,-9999,-9999,-9999,-9999,-9999,-9999,-9999,-9999,-9999,-9999,2.0315000000000003,1.93,-9999,-9999,-9999,-9999,-9999,-9999,-9999,-9999,25.0,25.0,25.0,25.0,25.0,25.0,25.0,25.0,25.0,25.0,25.0,25.0
95-31-8,-9999,-9999,-9999,-9999,-9999,-9999,-9999,-9999,-9999,-9999,-9999,-9999,-9999,-9999,-9999,-9999,-9999,358.32,-9999,-9999,-9999,-9999,-9999,-9999,-9999,-9999,-9999,-9999,11.076,2.56,-9999,-9999,-9999,-9999,-9999,-9999,-9999,-9999,25.0,25.0,25.0,25.0,25.0,25.0,25.0,25.0,25.0,25.0,25.0,25.0
36993-94-9,-9999,-9999,-9999,-9999,-9999,-9999,-9999,-9999,-9999,-9999,-9999,-9999,-9999,-9999,-9999,-9999,-9999,464.79,-9999,-9999,-9999,-9999,-9999,-9999,9.819505360623782e-09,9.819505360623782e-09,9.819505360623782e-09,-9999,8.672,1.43,-9999,-9999,-9999,-9999,-9999,-9999,-9999,-9999,25.0,25.0,25.0,25.0,25.0,25.0,25.0,25.0,25.0,25.0,25.0,25.0
58670-89-6,-9999,-9999,-9999,-9999,-9999,-9999,-9999,-9999,-9999,-9999,-9999,-9999,-9999,-9999,-9999,-9999,-9999,417.29,-9999,-9999,-9999,-9999,-9999,-9999,-9999,-9999,-9999,-9999,11.518,10.59,-9999,-9999,-9999,-9999,-9999,-9999,-9999,-9999,25.0,25.0,25.0,25.0,25.0,25.0,25.0,25.0,25.0,25.0,25.0,25.0
40292-82-8,-9999,-9999,-9999,-9999,-9999,-9999,-9999,-9999,-9999,-9999,-9999,-9999,-9999,-9999,-9999,-9999,-9999,-9999,-9999,-9999,-9999,-9999,-9999,-9999,-9999,-9999,-9999,-9999,-9999,-9999,-9999,-9999,-9999,-9999,-9999,-9999,-9999,-9999,25.0,25.0,25.0,25.0,25.0,25.0,25.0,25.0,25.0,25.0,25.0,25.0
137-30-4,-9999,-9999,-9999,-9999,-9999,-9999,-9999,-9999,-9999,-9999,-9999,-9999,-9999,-9999,-9999,-9999,-9999,382.71,-9999,-9999,-9999,-9999,-9999,-9999,-9999,-9999,-9999,-9999,8.557500000000001,1.14,-9999,-9999,-9999,-9999,-9999,-9999,-9999,-9999,25.0,25.0,25.0,25.0,25.0,25.0,25.0,25.0,25.0,25.0,25.0,25.0
57117-44-9,-9999,-9999,-9999,-9999,-9999,-9999,-9999,-9999,-9999,-9999,374.8614,-9999,-9999,-9999,-9999,-9999,-9999,414.84,106000.0,-9999,-9999,-9999,-3.83,-9999,9.819505360623782e-09,9.819505360623782e-09,9.819505360623782e-09,-9999,11.476,7.92,-9999,-9999,-9999,-9999,-9999,-9999,-9999,-9999,25.0,25.0,25.0,25.0,25.0,25.0,25.0,25.0,25.0,25.0,25.0,25.0
6731-36-8,-9999,-9999,-9999,-9999,-9999,-9999,-9999,-9999,-9999,-9999,-9999,-9999,-9999,-9999,-9999,-9999,-9999,306.87,-9999,-9999,-9999,-9999,-9999,-9999,-9999,-9999,-9999,-9999,8.254,7.56,-9999,-9999,-9999,-9999,-9999,-9999,-9999,-9999,25.0,25.0,25.0,25.0,25.0,25.0,25.0,25.0,25.0,25.0,25.0,25.0
76-75-5,-9999,-9999,-9999,-9999,-9999,-9999,-9999,-9999,-9999,-9999,-9999,-9999,-9999,-9999,-9999,-9999,-9999,503.63,-9999,-9999,-9999,-9999,-9999,-9999,9.819505360623782e-09,9.819505360623782e-09,9.819505360623782e-09,-9999,9.446,2.87,-9999,-9999,-9999,-9999,-9999,-9999,-9999,-9999,25.0,25.0,25.0,25.0,25.0,25.0,25.0,25.0,25.0,25.0,25.0,25.0
83121-18-0,-9999,-9999,-9999,-9999,-9999,-9999,-9999,-9999,-9999,-9999,-9999,-9999,-9999,-9999,-9999,-9999,-9999,513.03,-9999,-9999,-9999,-9999,-9999,-9999,9.819505360623782e-09,9.819505360623782e-09,9.819505360623782e-09,-9999,13.349499999999999,4.64,-9999,-9999,-9999,-9999,-9999,-9999,-9999,-9999,25.0,25.0,25.0,25.0,25.0,25.0,25.0,25.0,25.0,25.0,25.0,25.0
38083-17-9,-9999,-9999,-9999,-9999,-9999,-9999,-9999,-9999,-9999,-9999,-9999,-9999,-9999,-9999,-9999,-9999,-9999,411.96,-9999,-9999,-9999,-9999,-9999,-9999,-9999,-9999,-9999,-9999,10.692,3.76,-9999,-9999,-9999,-9999,-9999,-9999,-9999,-9999,25.0,25.0,25.0,25.0,25.0,25.0,25.0,25.0,25.0,25.0,25.0,25.0
68291-97-4,-9999,-9999,-9999,-9999,-9999,-9999,-9999,-9999,-9999,-9999,-9999,-9999,-9999,-9999,-9999,-9999,-9999,367.26,-9999,-9999,-9999,-9999,-9999,-9999,9.819505360623782e-09,9.819505360623782e-09,9.819505360623782e-09,-9999,8.505,0.36,-9999,-9999,-9999,-9999,-9999,-9999,-9999,-9999,25.0,25.0,25.0,25.0,25.0,25.0,25.0,25.0,25.0,25.0,25.0,25.0
165450-17-9,-9999,-9999,-9999,-9999,-9999,-9999,-9999,-9999,-9999,-9999,-9999,-9999,-9999,-9999,-9999,-9999,-9999,571.84,-9999,-9999,-9999,-9999,-9999,-9999,1.7827857510288067e-07,1.7827857510288067e-07,1.7827857510288067e-07,-9999,17.909,2.88,-9999,-9999,-9999,-9999,-9999,-9999,-9999,-9999,25.0,25.0,25.0,25.0,25.0,25.0,25.0,25.0,25.0,25.0,25.0,25.0
108-74-7,-9999,-9999,-9999,-9999,-9999,-9999,-9999,-9999,-9999,-9999,-9999,-9999,-9999,-9999,-9999,-9999,-9999,169.76,-9999,-9999,-9999,-9999,-9999,-9999,-9999,-9999,-9999,-9999,0.264,-2.15,-9999,-9999,-9999,-9999,-9999,-9999,-9999,-9999,25.0,25.0,25.0,25.0,25.0,25.0,25.0,25.0,25.0,25.0,25.0,25.0
629-96-9,-9999,-9999,-9999,-9999,-9999,-9999,-9999,-9999,-9999,-9999,-9999,-9999,-9999,-9999,-9999,-9999,-9999,377.87,-9999,-9999,-9999,-9999,-9999,-9999,-9999,-9999,-9999,-9999,10.12,8.7,-9999,-9999,-9999,-9999,-9999,-9999,-9999,-9999,25.0,25.0,25.0,25.0,25.0,25.0,25.0,25.0,25.0,25.0,25.0,25.0
149-57-5,-9999,-9999,-9999,-9999,-9999,-9999,-9999,-9999,-9999,-9999,-9999,-9999,-9999,-9999,-9999,-9999,-9999,234.2,-9999,-9999,-9999,-9999,-9999,-9999,-9999,-9999,-9999,-9999,6.7225,2.96,-9999,-9999,-9999,-9999,-9999,-9999,-9999,-9999,25.0,25.0,25.0,25.0,25.0,25.0,25.0,25.0,25.0,25.0,25.0,25.0
95-96-5,-9999,-9999,-9999,-9999,-9999,-9999,-9999,-9999,-9999,-9999,-9999,-9999,-9999,-9999,-9999,-9999,-9999,307.8,-9999,-9999,-9999,-9999,-9999,-9999,-9999,-9999,-9999,-9999,4.952,1.65,-9999,-9999,-9999,-9999,-9999,-9999,-9999,-9999,25.0,25.0,25.0,25.0,25.0,25.0,25.0,25.0,25.0,25.0,25.0,25.0
110-19-0,-9999,-9999,-9999,-9999,-9999,-9999,-9999,-9999,-9999,-9999,-9999,-9999,-9999,-9999,-9999,-9999,-9999,111.74,-9999,-9999,-9999,-9999,-9999,-9999,-9999,-9999,-9999,-9999,3.5285,1.77,-9999,-9999,-9999,-9999,-9999,-9999,-9999,-9999,25.0,25.0,25.0,25.0,25.0,25.0,25.0,25.0,25.0,25.0,25.0,25.0
14302-13-7,-9999,-9999,-9999,-9999,-9999,-9999,-9999,-9999,-9999,-9999,-9999,-9999,-9999,-9999,-9999,-9999,-9999,-9999,-9999,-9999,-9999,-9999,-9999,-9999,-9999,-9999,-9999,-9999,-9999,-9999,-9999,-9999,-9999,-9999,-9999,-9999,-9999,-9999,25.0,25.0,25.0,25.0,25.0,25.0,25.0,25.0,25.0,25.0,25.0,25.0
2809-21-4,-9999,-9999,-9999,-9999,-9999,-9999,-9999,-9999,-9999,-9999,-9999,-9999,-9999,-9999,-9999,-9999,-9999,456.79,-9999,-9999,-9999,-9999,-9999,-9999,-9999,-9999,-9999,-9999,23.388,-0.01,-9999,-9999,-9999,-9999,-9999,-9999,-9999,-9999,25.0,25.0,25.0,25.0,25.0,25.0,25.0,25.0,25.0,25.0,25.0,25.0
29761-21-5,-9999,-9999,-9999,-9999,-9999,-9999,-9999,-9999,-9999,-9999,-9999,-9999,-9999,-9999,-9999,-9999,-9999,-9999,-9999,-9999,-9999,-9999,-9999,-9999,-9999,-9999,-9999,-9999,-9999,-9999,-9999,-9999,-9999,-9999,-9999,-9999,-9999,-9999,25.0,25.0,25.0,25.0,25.0,25.0,25.0,25.0,25.0,25.0,25.0,25.0
95-33-0,-9999,-9999,-9999,-9999,-9999,-9999,-9999,-9999,-9999,-9999,-9999,-9999,-9999,-9999,-9999,-9999,-9999,398.29,-9999,-9999,-9999,-9999,-9999,-9999,-9999,-9999,-9999,-9999,11.04,3.47,-9999,-9999,-9999,-9999,-9999,-9999,-9999,-9999,25.0,25.0,25.0,25.0,25.0,25.0,25.0,25.0,25.0,25.0,25.0,25.0
35575-96-3,-9999,-9999,-9999,-9999,-9999,-9999,-9999,-9999,-9999,-9999,-9999,-9999,-9999,-9999,-9999,-9999,-9999,452.52,-9999,-9999,-9999,-9999,-9999,-9999,9.819505360623782e-09,9.819505360623782e-09,9.819505360623782e-09,-9999,10.934999999999999,1.0,-9999,-9999,-9999,-9999,-9999,-9999,-9999,-9999,25.0,25.0,25.0,25.0,25.0,25.0,25.0,25.0,25.0,25.0,25.0,25.0
151-56-4,-9999,-9999,-9999,-9999,-9999,-9999,-9999,-9999,-9999,-9999,-9999,-9999,-9999,-9999,-9999,-9999,-9999,47.89,-9999,-9999,-9999,-9999,-9999,-9999,-9999,-9999,-9999,-9999,3.1345,-0.28,-9999,-9999,-9999,-9999,-9999,-9999,-9999,-9999,25.0,25.0,25.0,25.0,25.0,25.0,25.0,25.0,25.0,25.0,25.0,25.0
125-33-7,-9999,-9999,-9999,-9999,-9999,-9999,-9999,-9999,-9999,-9999,-9999,-9999,-9999,-9999,-9999,-9999,-9999,463.54,-9999,-9999,-9999,-9999,-9999,-9999,1.4325956927910053e-07,1.4325956927910053e-07,1.4325956927910053e-07,-9999,8.921,0.73,-9999,-9999,-9999,-9999,-9999,-9999,-9999,-9999,25.0,25.0,25.0,25.0,25.0,25.0,25.0,25.0,25.0,25.0,25.0,25.0
143491-57-0,-9999,-9999,-9999,-9999,-9999,-9999,-9999,-9999,-9999,-9999,-9999,-9999,-9999,-9999,-9999,-9999,-9999,397.29,-9999,-9999,-9999,-9999,-9999,-9999,9.819505360623782e-09,9.819505360623782e-09,9.819505360623782e-09,-9999,13.86,-2.56,-9999,-9999,-9999,-9999,-9999,-9999,-9999,-9999,25.0,25.0,25.0,25.0,25.0,25.0,25.0,25.0,25.0,25.0,25.0,25.0
16731-55-8,-9999,-9999,-9999,-9999,-9999,-9999,-9999,-9999,-9999,-9999,-9999,-9999,-9999,-9999,-9999,-9999,-9999,-9999,-9999,-9999,-9999,-9999,-9999,-9999,-9999,-9999,-9999,-9999,-9999,-9999,-9999,-9999,-9999,-9999,-9999,-9999,-9999,-9999,25.0,25.0,25.0,25.0,25.0,25.0,25.0,25.0,25.0,25.0,25.0,25.0
111-46-6,-9999,-9999,-9999,-9999,-9999,-9999,-9999,-9999,-9999,-9999,-9999,-9999,-9999,-9999,-9999,-9999,-9999,215.97,-9999,-9999,-9999,-9999,-9999,-9999,-9999,-9999,-9999,-9999,5.611,-1.47,-9999,-9999,-9999,-9999,-9999,-9999,-9999,-9999,25.0,25.0,25.0,25.0,25.0,25.0,25.0,25.0,25.0,25.0,25.0,25.0
2386-87-0,-9999,-9999,-9999,-9999,-9999,-9999,-9999,-9999,-9999,-9999,-9999,-9999,-9999,-9999,-9999,-9999,-9999,322.17,-9999,-9999,-9999,-9999,-9999,-9999,-9999,-9999,-9999,-9999,9.193,2.37,-9999,-9999,-9999,-9999,-9999,-9999,-9999,-9999,25.0,25.0,25.0,25.0,25.0,25.0,25.0,25.0,25.0,25.0,25.0,25.0
24468-13-1,-9999,-9999,-9999,-9999,-9999,-9999,-9999,-9999,-9999,-9999,-9999,-9999,-9999,-9999,-9999,-9999,-9999,208.69,-9999,-9999,-9999,-9999,-9999,-9999,-9999,-9999,-9999,-9999,3.655,3.5,-9999,-9999,-9999,-9999,-9999,-9999,-9999,-9999,25.0,25.0,25.0,25.0,25.0,25.0,25.0,25.0,25.0,25.0,25.0,25.0
65-85-0,-9999,-9999,-9999,-9999,-9999,-9999,-9999,-9999,-9999,-9999,-9999,-9999,-9999,-9999,-9999,-9999,-9999,249.51,-9999,-9999,-9999,-9999,-9999,-9999,-9999,-9999,-9999,-9999,7.451499999999999,1.87,-9999,-9999,-9999,-9999,-9999,-9999,-9999,-9999,25.0,25.0,25.0,25.0,25.0,25.0,25.0,25.0,25.0,25.0,25.0,25.0
74-87-3,-9999,-9999,-9999,-9999,-9999,-9999,-9999,-9999,-9999,-9999,-9999,-9999,-9999,-9999,-9999,-9999,-9999,10.88,-9999,-9999,-9999,-9999,-9999,-9999,-9999,-9999,-9999,-9999,1.459,1.09,-9999,-9999,-9999,-9999,-9999,-9999,-9999,-9999,25.0,25.0,25.0,25.0,25.0,25.0,25.0,25.0,25.0,25.0,25.0,25.0
2530-85-0,-9999,-9999,-9999,-9999,-9999,-9999,-9999,-9999,-9999,-9999,-9999,-9999,-9999,-9999,-9999,-9999,-9999,260.62,-9999,-9999,-9999,-9999,-9999,-9999,-9999,-9999,-9999,-9999,5.66,0.75,-9999,-9999,-9999,-9999,-9999,-9999,-9999,-9999,25.0,25.0,25.0,25.0,25.0,25.0,25.0,25.0,25.0,25.0,25.0,25.0
34590-94-8,-9999,-9999,-9999,-9999,-9999,-9999,-9999,-9999,-9999,-9999,-9999,-9999,-9999,-9999,-9999,-9999,-9999,191.6,-9999,-9999,-9999,-9999,-9999,-9999,-9999,-9999,-9999,-9999,6.978,-0.35,-9999,-9999,-9999,-9999,-9999,-9999,-9999,-9999,25.0,25.0,25.0,25.0,25.0,25.0,25.0,25.0,25.0,25.0,25.0,25.0
96-69-5,-9999,-9999,-9999,-9999,-9999,-9999,-9999,-9999,-9999,-9999,-9999,-9999,-9999,-9999,-9999,-9999,-9999,466.41,-9999,-9999,-9999,-9999,-9999,-9999,-9999,-9999,-9999,-9999,18.188,8.24,-9999,-9999,-9999,-9999,-9999,-9999,-9999,-9999,25.0,25.0,25.0,25.0,25.0,25.0,25.0,25.0,25.0,25.0,25.0,25.0
68-04-2,-9999,-9999,-9999,-9999,-9999,-9999,-9999,-9999,-9999,-9999,-9999,-9999,-9999,-9999,-9999,-9999,-9999,499.18,-9999,-9999,-9999,-9999,-9999,-9999,-9999,-9999,-9999,-9999,15.183,-0.28,-9999,-9999,-9999,-9999,-9999,-9999,-9999,-9999,25.0,25.0,25.0,25.0,25.0,25.0,25.0,25.0,25.0,25.0,25.0,25.0
173334-57-1,-9999,-9999,-9999,-9999,-9999,-9999,-9999,-9999,-9999,-9999,-9999,-9999,-9999,-9999,-9999,-9999,-9999,714.13,-9999,-9999,-9999,-9999,-9999,-9999,7.640510361552028e-08,7.640510361552028e-08,7.640510361552028e-08,-9999,24.19,2.76,-9999,-9999,-9999,-9999,-9999,-9999,-9999,-9999,25.0,25.0,25.0,25.0,25.0,25.0,25.0,25.0,25.0,25.0,25.0,25.0
94-81-5,-9999,-9999,-9999,-9999,-9999,-9999,-9999,-9999,-9999,-9999,-9999,-9999,-9999,-9999,-9999,-9999,-9999,346.09,-9999,-9999,-9999,-9999,-9999,-9999,1.197393414870094e-07,1.197393414870094e-07,1.197393414870094e-07,-9999,10.404499999999999,3.5,-9999,-9999,-9999,-9999,-9999,-9999,-9999,-9999,25.0,25.0,25.0,25.0,25.0,25.0,25.0,25.0,25.0,25.0,25.0,25.0
108-01-0,-9999,-9999,-9999,-9999,-9999,-9999,-9999,-9999,-9999,-9999,-9999,-9999,-9999,-9999,-9999,-9999,-9999,136.32,-9999,-9999,-9999,-9999,-9999,-9999,-9999,-9999,-9999,-9999,5.0385,-0.94,-9999,-9999,-9999,-9999,-9999,-9999,-9999,-9999,25.0,25.0,25.0,25.0,25.0,25.0,25.0,25.0,25.0,25.0,25.0,25.0
11070-44-3,-9999,-9999,-9999,-9999,-9999,-9999,-9999,-9999,-9999,-9999,-9999,-9999,-9999,-9999,-9999,-9999,-9999,255.67,-9999,-9999,-9999,-9999,-9999,-9999,-9999,-9999,-9999,-9999,5.757,2.64,-9999,-9999,-9999,-9999,-9999,-9999,-9999,-9999,25.0,25.0,25.0,25.0,25.0,25.0,25.0,25.0,25.0,25.0,25.0,25.0
6358-85-6,-9999,-9999,-9999,-9999,-9999,-9999,-9999,-9999,-9999,-9999,-9999,-9999,-9999,-9999,-9999,-9999,-9999,867.09,-9999,-9999,-9999,-9999,-9999,-9999,-9999,-9999,-9999,-9999,27.708,7.05,-9999,-9999,-9999,-9999,-9999,-9999,-9999,-9999,25.0,25.0,25.0,25.0,25.0,25.0,25.0,25.0,25.0,25.0,25.0,25.0
68413-60-5,-9999,-9999,-9999,-9999,-9999,-9999,-9999,-9999,-9999,-9999,-9999,-9999,-9999,-9999,-9999,-9999,-9999,910.46,-9999,-9999,-9999,-9999,-9999,-9999,-9999,-9999,-9999,-9999,-9999,-4.57,-9999,-9999,-9999,-9999,-9999,-9999,-9999,-9999,25.0,25.0,25.0,25.0,25.0,25.0,25.0,25.0,25.0,25.0,25.0,25.0
96-48-0,-9999,-9999,-9999,-9999,-9999,-9999,-9999,-9999,-9999,-9999,-9999,-9999,-9999,-9999,-9999,-9999,-9999,176.93,-9999,-9999,-9999,-9999,-9999,-9999,-9999,-9999,-9999,-9999,3.5465,-0.31,-9999,-9999,-9999,-9999,-9999,-9999,-9999,-9999,25.0,25.0,25.0,25.0,25.0,25.0,25.0,25.0,25.0,25.0,25.0,25.0
77-90-7,-9999,-9999,-9999,-9999,-9999,-9999,-9999,-9999,-9999,-9999,-9999,-9999,-9999,-9999,-9999,-9999,-9999,410.75,-9999,-9999,-9999,-9999,-9999,-9999,-9999,-9999,-9999,-9999,12.101,4.29,-9999,-9999,-9999,-9999,-9999,-9999,-9999,-9999,25.0,25.0,25.0,25.0,25.0,25.0,25.0,25.0,25.0,25.0,25.0,25.0
120-92-3,-9999,-9999,-9999,-9999,-9999,-9999,-9999,-9999,-9999,-9999,-9999,-9999,-9999,-9999,-9999,-9999,-9999,130.58,-9999,-9999,-9999,-9999,-9999,-9999,-9999,-9999,-9999,-9999,3.6005,0.63,-9999,-9999,-9999,-9999,-9999,-9999,-9999,-9999,25.0,25.0,25.0,25.0,25.0,25.0,25.0,25.0,25.0,25.0,25.0,25.0
120068-36-2,-9999,-9999,-9999,-9999,-9999,-9999,-9999,-9999,-9999,-9999,-9999,-9999,-9999,-9999,-9999,-9999,-9999,489.61,-9999,-9999,-9999,-9999,-9999,-9999,9.819505360623782e-09,9.819505360623782e-09,9.819505360623782e-09,-9999,18.207,4.42,-9999,-9999,-9999,-9999,-9999,-9999,-9999,-9999,25.0,25.0,25.0,25.0,25.0,25.0,25.0,25.0,25.0,25.0,25.0,25.0
117-81-7,-9999,-9999,-9999,-9999,-9999,-9999,-9999,-9999,-9999,-9999,390.54805,-9999,-9999,-9999,-9999,-9999,-9999,416.95,133000.0,-9999,-9999,2.1867467104806542e-11,-3.61,5.294238371950921e-11,7.919581322437936e-07,7.919581322437936e-07,7.919581322437936e-07,7.873915720406949e-09,12.132000000000001,8.39,-9999,-9999,-9999,-9999,-9999,-9999,-9999,-9999,25.0,25.0,25.0,25.0,25.0,25.0,25.0,25.0,25.0,25.0,25.0,25.0
208-96-8,-9999,-9999,-9999,-9999,-9999,-9999,-9999,-9999,-9999,-9999,152.1916,-9999,-9999,-9999,-9999,-9999,-9999,274.85,44203.0,-9999,-9999,-9999,-2.98,-9999,9.819505360623782e-09,9.819505360623782e-09,9.819505360623782e-09,-9999,6.431,3.94,-9999,-9999,-9999,-9999,-9999,-9999,-9999,-9999,25.0,25.0,25.0,25.0,25.0,25.0,25.0,25.0,25.0,25.0,25.0,25.0
75-37-6,-9999,-9999,-9999,-9999,-9999,-9999,-9999,-9999,-9999,-9999,-9999,-9999,-9999,-9999,-9999,-9999,-9999,-47.75,-9999,-9999,-9999,-9999,-9999,-9999,-9999,-9999,-9999,-9999,0.381,1.13,-9999,-9999,-9999,-9999,-9999,-9999,-9999,-9999,25.0,25.0,25.0,25.0,25.0,25.0,25.0,25.0,25.0,25.0,25.0,25.0
7664-41-7,-9999,-9999,-9999,-9999,-9999,-9999,-9999,-9999,-9999,-9999,-9999,-9999,-9999,-9999,-9999,-9999,-9999,-9999,-9999,-9999,-9999,-9999,-9999,-9999,-9999,-9999,-9999,-9999,-9999,-9999,-9999,-9999,-9999,-9999,-9999,-9999,-9999,-9999,25.0,25.0,25.0,25.0,25.0,25.0,25.0,25.0,25.0,25.0,25.0,25.0
919-30-2,-9999,-9999,-9999,-9999,-9999,-9999,-9999,-9999,-9999,-9999,-9999,-9999,-9999,-9999,-9999,-9999,-9999,256.24,-9999,-9999,-9999,-9999,-9999,-9999,-9999,-9999,-9999,-9999,6.133,0.31,-9999,-9999,-9999,-9999,-9999,-9999,-9999,-9999,25.0,25.0,25.0,25.0,25.0,25.0,25.0,25.0,25.0,25.0,25.0,25.0
127-76-4,-9999,-9999,-9999,-9999,-9999,-9999,-9999,-9999,-9999,-9999,-9999,-9999,-9999,-9999,-9999,-9999,-9999,505.14,-9999,-9999,-9999,-9999,-9999,-9999,9.819505360623782e-09,9.819505360623782e-09,9.819505360623782e-09,-9999,15.55,1.44,-9999,-9999,-9999,-9999,-9999,-9999,-9999,-9999,25.0,25.0,25.0,25.0,25.0,25.0,25.0,25.0,25.0,25.0,25.0,25.0
71-36-3,-9999,-9999,-9999,-9999,-9999,-9999,-9999,-9999,-9999,-9999,-9999,-9999,-9999,-9999,-9999,-9999,-9999,113.91,-9999,-9999,-9999,-9999,-9999,-9999,-9999,-9999,-9999,-9999,4.276,0.84,-9999,-9999,-9999,-9999,-9999,-9999,-9999,-9999,25.0,25.0,25.0,25.0,25.0,25.0,25.0,25.0,25.0,25.0,25.0,25.0
79-20-9,-9999,-9999,-9999,-9999,-9999,-9999,-9999,-9999,-9999,-9999,-9999,-9999,-9999,-9999,-9999,-9999,-9999,52.62,-9999,-9999,-9999,-9999,-9999,-9999,-9999,-9999,-9999,-9999,2.5115,0.37,-9999,-9999,-9999,-9999,-9999,-9999,-9999,-9999,25.0,25.0,25.0,25.0,25.0,25.0,25.0,25.0,25.0,25.0,25.0,25.0
78-44-4,-9999,-9999,-9999,-9999,-9999,-9999,-9999,-9999,-9999,-9999,-9999,-9999,-9999,-9999,-9999,-9999,-9999,307.13,-9999,-9999,-9999,-9999,-9999,-9999,9.819505360623782e-09,9.819505360623782e-09,9.819505360623782e-09,-9999,9.895,2.36,-9999,-9999,-9999,-9999,-9999,-9999,-9999,-9999,25.0,25.0,25.0,25.0,25.0,25.0,25.0,25.0,25.0,25.0,25.0,25.0
106-63-8,-9999,-9999,-9999,-9999,-9999,-9999,-9999,-9999,-9999,-9999,-9999,-9999,-9999,-9999,-9999,-9999,-9999,133.17,-9999,-9999,-9999,-9999,-9999,-9999,-9999,-9999,-9999,-9999,3.957,2.13,-9999,-9999,-9999,-9999,-9999,-9999,-9999,-9999,25.0,25.0,25.0,25.0,25.0,25.0,25.0,25.0,25.0,25.0,25.0,25.0
147441-56-3,-9999,-9999,-9999,-9999,-9999,-9999,-9999,-9999,-9999,-9999,-9999,-9999,-9999,-9999,-9999,-9999,-9999,506.37,-9999,-9999,-9999,-9999,-9999,-9999,2.6303396326654525e-07,2.6303396326654525e-07,2.6303396326654525e-07,-9999,18.535,2.24,-9999,-9999,-9999,-9999,-9999,-9999,-9999,-9999,25.0,25.0,25.0,25.0,25.0,25.0,25.0,25.0,25.0,25.0,25.0,25.0
513-35-9,-9999,-9999,-9999,-9999,-9999,-9999,-9999,-9999,-9999,-9999,-9999,-9999,-9999,-9999,-9999,-9999,-9999,46.92,-9999,-9999,-9999,-9999,-9999,-9999,-9999,-9999,-9999,-9999,1.5805,2.64,-9999,-9999,-9999,-9999,-9999,-9999,-9999,-9999,25.0,25.0,25.0,25.0,25.0,25.0,25.0,25.0,25.0,25.0,25.0,25.0
88-12-0,-9999,-9999,-9999,-9999,-9999,-9999,-9999,-9999,-9999,-9999,-9999,-9999,-9999,-9999,-9999,-9999,-9999,219.88,-9999,-9999,-9999,-9999,-9999,-9999,-9999,-9999,-9999,-9999,5.9559999999999995,0.25,-9999,-9999,-9999,-9999,-9999,-9999,-9999,-9999,25.0,25.0,25.0,25.0,25.0,25.0,25.0,25.0,25.0,25.0,25.0,25.0
98-94-2,-9999,-9999,-9999,-9999,-9999,-9999,-9999,-9999,-9999,-9999,-9999,-9999,-9999,-9999,-9999,-9999,-9999,151.94,-9999,-9999,-9999,-9999,-9999,-9999,-9999,-9999,-9999,-9999,5.1015,2.31,-9999,-9999,-9999,-9999,-9999,-9999,-9999,-9999,25.0,25.0,25.0,25.0,25.0,25.0,25.0,25.0,25.0,25.0,25.0,25.0
31775-20-9,-9999,-9999,-9999,-9999,-9999,-9999,-9999,-9999,-9999,-9999,-9999,-9999,-9999,-9999,-9999,-9999,-9999,937.6,-9999,-9999,-9999,-9999,-9999,-9999,-9999,-9999,-9999,-9999,31.069,8.2,-9999,-9999,-9999,-9999,-9999,-9999,-9999,-9999,25.0,25.0,25.0,25.0,25.0,25.0,25.0,25.0,25.0,25.0,25.0,25.0
109-55-7,-9999,-9999,-9999,-9999,-9999,-9999,-9999,-9999,-9999,-9999,-9999,-9999,-9999,-9999,-9999,-9999,-9999,134.2,-9999,-9999,-9999,-9999,-9999,-9999,-9999,-9999,-9999,-9999,6.118,-0.45,-9999,-9999,-9999,-9999,-9999,-9999,-9999,-9999,25.0,25.0,25.0,25.0,25.0,25.0,25.0,25.0,25.0,25.0,25.0,25.0
79-74-3,-9999,-9999,-9999,-9999,-9999,-9999,-9999,-9999,-9999,-9999,-9999,-9999,-9999,-9999,-9999,-9999,-9999,349.01,-9999,-9999,-9999,-9999,-9999,-9999,-9999,-9999,-9999,-9999,13.383,5.83,-9999,-9999,-9999,-9999,-9999,-9999,-9999,-9999,25.0,25.0,25.0,25.0,25.0,25.0,25.0,25.0,25.0,25.0,25.0,25.0
143-28-2,-9999,-9999,-9999,-9999,-9999,-9999,-9999,-9999,-9999,-9999,-9999,-9999,-9999,-9999,-9999,-9999,-9999,358.24,-9999,-9999,-9999,-9999,-9999,-9999,-9999,-9999,-9999,-9999,9.222,7.5,-9999,-9999,-9999,-9999,-9999,-9999,-9999,-9999,25.0,25.0,25.0,25.0,25.0,25.0,25.0,25.0,25.0,25.0,25.0,25.0
19408-74-3,-9999,-9999,-9999,-9999,-9999,-9999,-9999,-9999,-9999,-9999,390.8559,-9999,-9999,-9999,-9999,-9999,-9999,416.55,70334.0,-9999,-9999,-9999,-3.72,-9999,9.819505360623782e-09,9.819505360623782e-09,9.819505360623782e-09,-9999,12.311,8.21,-9999,-9999,-9999,-9999,-9999,-9999,-9999,-9999,25.0,25.0,25.0,25.0,25.0,25.0,25.0,25.0,25.0,25.0,25.0,25.0
141-79-7,-9999,-9999,-9999,-9999,-9999,-9999,-9999,-9999,-9999,-9999,-9999,-9999,-9999,-9999,-9999,-9999,-9999,119.61,-9999,-9999,-9999,-9999,-9999,-9999,-9999,-9999,-9999,-9999,4.0725,1.37,-9999,-9999,-9999,-9999,-9999,-9999,-9999,-9999,25.0,25.0,25.0,25.0,25.0,25.0,25.0,25.0,25.0,25.0,25.0,25.0
590-28-3,-9999,-9999,-9999,-9999,-9999,-9999,-9999,-9999,-9999,-9999,-9999,-9999,-9999,-9999,-9999,-9999,-9999,-9999,-9999,-9999,-9999,-9999,-9999,-9999,-9999,-9999,-9999,-9999,-9999,-9999,-9999,-9999,-9999,-9999,-9999,-9999,-9999,-9999,25.0,25.0,25.0,25.0,25.0,25.0,25.0,25.0,25.0,25.0,25.0,25.0
107-02-8,-9999,-9999,-9999,-9999,-9999,-9999,-9999,-9999,-9999,-9999,-9999,-9999,-9999,-9999,-9999,-9999,-9999,57.87,-9999,-9999,-9999,-9999,-9999,-9999,-9999,-9999,-9999,-9999,2.6585,0.19,-9999,-9999,-9999,-9999,-9999,-9999,-9999,-9999,25.0,25.0,25.0,25.0,25.0,25.0,25.0,25.0,25.0,25.0,25.0,25.0
150-76-5,-9999,-9999,-9999,-9999,-9999,-9999,-9999,-9999,-9999,-9999,-9999,-9999,-9999,-9999,-9999,-9999,-9999,211.43,-9999,-9999,-9999,-9999,-9999,-9999,-9999,-9999,-9999,-9999,7.452,1.59,-9999,-9999,-9999,-9999,-9999,-9999,-9999,-9999,25.0,25.0,25.0,25.0,25.0,25.0,25.0,25.0,25.0,25.0,25.0,25.0
109-53-5,-9999,-9999,-9999,-9999,-9999,-9999,-9999,-9999,-9999,-9999,-9999,-9999,-9999,-9999,-9999,-9999,-9999,80.53,-9999,-9999,-9999,-9999,-9999,-9999,-9999,-9999,-9999,-9999,2.4364999999999997,1.82,-9999,-9999,-9999,-9999,-9999,-9999,-9999,-9999,25.0,25.0,25.0,25.0,25.0,25.0,25.0,25.0,25.0,25.0,25.0,25.0
541-41-3,-9999,-9999,-9999,-9999,-9999,-9999,-9999,-9999,-9999,-9999,-9999,-9999,-9999,-9999,-9999,-9999,-9999,90.21,-9999,-9999,-9999,-9999,-9999,-9999,-9999,-9999,-9999,-9999,1.524,0.63,-9999,-9999,-9999,-9999,-9999,-9999,-9999,-9999,25.0,25.0,25.0,25.0,25.0,25.0,25.0,25.0,25.0,25.0,25.0,25.0
71-55-6,-9999,-9999,-9999,-9999,-9999,-9999,-9999,-9999,-9999,-9999,-9999,-9999,-9999,-9999,-9999,-9999,-9999,65.64,-9999,-9999,-9999,-9999,-9999,-9999,-9999,-9999,-9999,-9999,3.0404999999999998,2.68,-9999,-9999,-9999,-9999,-9999,-9999,-9999,-9999,25.0,25.0,25.0,25.0,25.0,25.0,25.0,25.0,25.0,25.0,25.0,25.0
75-35-4,-9999,-9999,-9999,-9999,-9999,-9999,-9999,-9999,-9999,-9999,-9999,-9999,-9999,-9999,-9999,-9999,-9999,36.9,-9999,-9999,-9999,-9999,-9999,-9999,-9999,-9999,-9999,-9999,2.0534999999999997,2.12,-9999,-9999,-9999,-9999,-9999,-9999,-9999,-9999,25.0,25.0,25.0,25.0,25.0,25.0,25.0,25.0,25.0,25.0,25.0,25.0
55-63-0,-9999,-9999,-9999,-9999,-9999,-9999,-9999,-9999,-9999,-9999,-9999,-9999,-9999,-9999,-9999,-9999,-9999,281.84,-9999,-9999,-9999,-9999,-9999,-9999,-9999,-9999,-9999,-9999,7.7825,1.51,-9999,-9999,-9999,-9999,-9999,-9999,-9999,-9999,25.0,25.0,25.0,25.0,25.0,25.0,25.0,25.0,25.0,25.0,25.0,25.0
811-97-2,-9999,-9999,-9999,-9999,-9999,-9999,-9999,-9999,-9999,-9999,-9999,-9999,-9999,-9999,-9999,-9999,-9999,-53.6,-9999,-9999,-9999,-9999,-9999,-9999,-9999,-9999,-9999,-9999,0.6265,1.68,-9999,-9999,-9999,-9999,-9999,-9999,-9999,-9999,25.0,25.0,25.0,25.0,25.0,25.0,25.0,25.0,25.0,25.0,25.0,25.0
33703-08-1,-9999,-9999,-9999,-9999,-9999,-9999,-9999,-9999,-9999,-9999,-9999,-9999,-9999,-9999,-9999,-9999,-9999,-9999,-9999,-9999,-9999,-9999,-9999,-9999,-9999,-9999,-9999,-9999,-9999,-9999,-9999,-9999,-9999,-9999,-9999,-9999,-9999,-9999,25.0,25.0,25.0,25.0,25.0,25.0,25.0,25.0,25.0,25.0,25.0,25.0
108-38-3,-9999,-9999,-9999,-9999,-9999,-9999,-9999,-9999,-9999,-9999,-9999,-9999,-9999,-9999,-9999,-9999,-9999,148.29,-9999,-9999,-9999,-9999,-9999,-9999,-9999,-9999,-9999,-9999,3.697,3.09,-9999,-9999,-9999,-9999,-9999,-9999,-9999,-9999,25.0,25.0,25.0,25.0,25.0,25.0,25.0,25.0,25.0,25.0,25.0,25.0
75-02-5,-9999,-9999,-9999,-9999,-9999,-9999,-9999,-9999,-9999,-9999,-9999,-9999,-9999,-9999,-9999,-9999,-9999,-35.33,-9999,-9999,-9999,-9999,-9999,-9999,-9999,-9999,-9999,-9999,0.507,1.19,-9999,-9999,-9999,-9999,-9999,-9999,-9999,-9999,25.0,25.0,25.0,25.0,25.0,25.0,25.0,25.0,25.0,25.0,25.0,25.0
1335-46-2,-9999,-9999,-9999,-9999,-9999,-9999,-9999,-9999,-9999,-9999,-9999,-9999,-9999,-9999,-9999,-9999,-9999,276.02,-9999,-9999,-9999,-9999,-9999,-9999,-9999,-9999,-9999,-9999,6.788,4.78,-9999,-9999,-9999,-9999,-9999,-9999,-9999,-9999,25.0,25.0,25.0,25.0,25.0,25.0,25.0,25.0,25.0,25.0,25.0,25.0
7664-93-9,-9999,-9999,-9999,-9999,-9999,-9999,-9999,-9999,-9999,-9999,-9999,-9999,-9999,-9999,-9999,-9999,-9999,-9999,-9999,-9999,-9999,-9999,-9999,-9999,-9999,-9999,-9999,-9999,-9999,-9999,-9999,-9999,-9999,-9999,-9999,-9999,-9999,-9999,25.0,25.0,25.0,25.0,25.0,25.0,25.0,25.0,25.0,25.0,25.0,25.0
420-46-2,-9999,-9999,-9999,-9999,-9999,-9999,-9999,-9999,-9999,-9999,-9999,-9999,-9999,-9999,-9999,-9999,-9999,-56.46,-9999,-9999,-9999,-9999,-9999,-9999,-9999,-9999,-9999,-9999,0.242,1.74,-9999,-9999,-9999,-9999,-9999,-9999,-9999,-9999,25.0,25.0,25.0,25.0,25.0,25.0,25.0,25.0,25.0,25.0,25.0,25.0
6358-31-2,-9999,-9999,-9999,-9999,-9999,-9999,-9999,-9999,-9999,-9999,-9999,-9999,-9999,-9999,-9999,-9999,-9999,561.97,-9999,-9999,-9999,-9999,-9999,-9999,-9999,-9999,-9999,-9999,19.42,2.99,-9999,-9999,-9999,-9999,-9999,-9999,-9999,-9999,25.0,25.0,25.0,25.0,25.0,25.0,25.0,25.0,25.0,25.0,25.0,25.0
205-99-2,-9999,-9999,-9999,-9999,-9999,-9999,-9999,-9999,-9999,-9999,252.3074,-9999,-9999,-9999,-9999,-9999,-9999,442.75,36680.0,-9999,-9999,-9999,-4.27,-9999,9.819505360623782e-09,9.819505360623782e-09,9.819505360623782e-09,-9999,10.470500000000001,6.11,-9999,-9999,-9999,-9999,-9999,-9999,-9999,-9999,25.0,25.0,25.0,25.0,25.0,25.0,25.0,25.0,25.0,25.0,25.0,25.0
15532-75-9,-9999,-9999,-9999,-9999,-9999,-9999,-9999,-9999,-9999,-9999,-9999,-9999,-9999,-9999,-9999,-9999,-9999,420.24,-9999,-9999,-9999,-9999,-9999,-9999,9.819505360623782e-09,9.819505360623782e-09,9.819505360623782e-09,-9999,13.162,0.65,-9999,-9999,-9999,-9999,-9999,-9999,-9999,-9999,25.0,25.0,25.0,25.0,25.0,25.0,25.0,25.0,25.0,25.0,25.0,25.0
143-29-3,-9999,-9999,-9999,-9999,-9999,-9999,-9999,-9999,-9999,-9999,-9999,-9999,-9999,-9999,-9999,-9999,-9999,371.93,-9999,-9999,-9999,-9999,-9999,-9999,-9999,-9999,-9999,-9999,10.832,1.65,-9999,-9999,-9999,-9999,-9999,-9999,-9999,-9999,25.0,25.0,25.0,25.0,25.0,25.0,25.0,25.0,25.0,25.0,25.0,25.0
652-67-5,-9999,-9999,-9999,-9999,-9999,-9999,-9999,-9999,-9999,-9999,-9999,-9999,-9999,-9999,-9999,-9999,-9999,266.08,-9999,-9999,-9999,-9999,-9999,-9999,-9999,-9999,-9999,-9999,9.59,-0.91,-9999,-9999,-9999,-9999,-9999,-9999,-9999,-9999,25.0,25.0,25.0,25.0,25.0,25.0,25.0,25.0,25.0,25.0,25.0,25.0
111-20-6,-9999,-9999,-9999,-9999,-9999,-9999,-9999,-9999,-9999,-9999,-9999,-9999,-9999,-9999,-9999,-9999,-9999,360.05,-9999,-9999,-9999,-9999,-9999,-9999,-9999,-9999,-9999,-9999,11.107,2.19,-9999,-9999,-9999,-9999,-9999,-9999,-9999,-9999,25.0,25.0,25.0,25.0,25.0,25.0,25.0,25.0,25.0,25.0,25.0,25.0
111025-46-8,-9999,-9999,-9999,-9999,-9999,-9999,-9999,-9999,-9999,-9999,-9999,-9999,-9999,-9999,-9999,-9999,-9999,626.5,-9999,-9999,-9999,-9999,-9999,-9999,5.1426512048907885e-08,5.1426512048907885e-08,5.1426512048907885e-08,-9999,14.113,3.96,-9999,-9999,-9999,-9999,-9999,-9999,-9999,-9999,25.0,25.0,25.0,25.0,25.0,25.0,25.0,25.0,25.0,25.0,25.0,25.0
65928-58-7,-9999,-9999,-9999,-9999,-9999,-9999,-9999,-9999,-9999,-9999,-9999,-9999,-9999,-9999,-9999,-9999,-9999,449.02,-9999,-9999,-9999,-9999,-9999,-9999,7.227509801468135e-08,7.227509801468135e-08,7.227509801468135e-08,-9999,12.564,2.34,-9999,-9999,-9999,-9999,-9999,-9999,-9999,-9999,25.0,25.0,25.0,25.0,25.0,25.0,25.0,25.0,25.0,25.0,25.0,25.0
50-00-0,-9999,-9999,-9999,-9999,-9999,-9999,-9999,-9999,-9999,-9999,-9999,-9999,-9999,-9999,-9999,-9999,-9999,9.5,-9999,-9999,-9999,-9999,-9999,-9999,-9999,-9999,-9999,-9999,3.9905,0.35,-9999,-9999,-9999,-9999,-9999,-9999,-9999,-9999,25.0,25.0,25.0,25.0,25.0,25.0,25.0,25.0,25.0,25.0,25.0,25.0
123-99-9,-9999,-9999,-9999,-9999,-9999,-9999,-9999,-9999,-9999,-9999,-9999,-9999,-9999,-9999,-9999,-9999,-9999,348.45,-9999,-9999,-9999,-9999,-9999,-9999,-9999,-9999,-9999,-9999,10.675,1.7,-9999,-9999,-9999,-9999,-9999,-9999,-9999,-9999,25.0,25.0,25.0,25.0,25.0,25.0,25.0,25.0,25.0,25.0,25.0,25.0
868-77-9,-9999,-9999,-9999,-9999,-9999,-9999,-9999,-9999,-9999,-9999,-9999,-9999,-9999,-9999,-9999,-9999,-9999,198.83,-9999,-9999,-9999,-9999,-9999,-9999,-9999,-9999,-9999,-9999,6.183,0.3,-9999,-9999,-9999,-9999,-9999,-9999,-9999,-9999,25.0,25.0,25.0,25.0,25.0,25.0,25.0,25.0,25.0,25.0,25.0,25.0
27776-01-8,-9999,-9999,-9999,-9999,-9999,-9999,-9999,-9999,-9999,-9999,-9999,-9999,-9999,-9999,-9999,-9999,-9999,285.05,-9999,-9999,-9999,-9999,-9999,-9999,-9999,-9999,-9999,-9999,6.224,4.56,-9999,-9999,-9999,-9999,-9999,-9999,-9999,-9999,25.0,25.0,25.0,25.0,25.0,25.0,25.0,25.0,25.0,25.0,25.0,25.0
106-88-7,-9999,-9999,-9999,-9999,-9999,-9999,-9999,-9999,-9999,-9999,-9999,-9999,-9999,-9999,-9999,-9999,-9999,57.35,-9999,-9999,-9999,-9999,-9999,-9999,-9999,-9999,-9999,-9999,2.9575,0.86,-9999,-9999,-9999,-9999,-9999,-9999,-9999,-9999,25.0,25.0,25.0,25.0,25.0,25.0,25.0,25.0,25.0,25.0,25.0,25.0
51-55-8,-9999,-9999,-9999,-9999,-9999,-9999,-9999,-9999,-9999,-9999,-9999,-9999,-9999,-9999,-9999,-9999,-9999,393.05,-9999,-9999,-9999,-9999,-9999,-9999,9.819505360623782e-09,9.819505360623782e-09,9.819505360623782e-09,-9999,12.822,1.91,-9999,-9999,-9999,-9999,-9999,-9999,-9999,-9999,25.0,25.0,25.0,25.0,25.0,25.0,25.0,25.0,25.0,25.0,25.0,25.0
7722-88-5,-9999,-9999,-9999,-9999,-9999,-9999,-9999,-9999,-9999,-9999,-9999,-9999,-9999,-9999,-9999,-9999,-9999,-9999,-9999,-9999,-9999,-9999,-9999,-9999,-9999,-9999,-9999,-9999,-9999,-9999,-9999,-9999,-9999,-9999,-9999,-9999,-9999,-9999,25.0,25.0,25.0,25.0,25.0,25.0,25.0,25.0,25.0,25.0,25.0,25.0
563-80-4,-9999,-9999,-9999,-9999,-9999,-9999,-9999,-9999,-9999,-9999,-9999,-9999,-9999,-9999,-9999,-9999,-9999,80.27,-9999,-9999,-9999,-9999,-9999,-9999,-9999,-9999,-9999,-9999,3.1785,0.67,-9999,-9999,-9999,-9999,-9999,-9999,-9999,-9999,25.0,25.0,25.0,25.0,25.0,25.0,25.0,25.0,25.0,25.0,25.0,25.0
3290-92-4,-9999,-9999,-9999,-9999,-9999,-9999,-9999,-9999,-9999,-9999,-9999,-9999,-9999,-9999,-9999,-9999,-9999,349.26,-9999,-9999,-9999,-9999,-9999,-9999,-9999,-9999,-9999,-9999,11.469999999999999,4.5,-9999,-9999,-9999,-9999,-9999,-9999,-9999,-9999,25.0,25.0,25.0,25.0,25.0,25.0,25.0,25.0,25.0,25.0,25.0,25.0
56211-40-6,-9999,-9999,-9999,-9999,-9999,-9999,-9999,-9999,-9999,-9999,-9999,-9999,-9999,-9999,-9999,-9999,-9999,527.24,-9999,-9999,-9999,-9999,-9999,-9999,7.943104831316466e-08,7.943104831316466e-08,7.943104831316466e-08,-9999,17.361,1.95,-9999,-9999,-9999,-9999,-9999,-9999,-9999,-9999,25.0,25.0,25.0,25.0,25.0,25.0,25.0,25.0,25.0,25.0,25.0,25.0
142-19-8,-9999,-9999,-9999,-9999,-9999,-9999,-9999,-9999,-9999,-9999,-9999,-9999,-9999,-9999,-9999,-9999,-9999,209.25,-9999,-9999,-9999,-9999,-9999,-9999,-9999,-9999,-9999,-9999,5.081,3.67,-9999,-9999,-9999,-9999,-9999,-9999,-9999,-9999,25.0,25.0,25.0,25.0,25.0,25.0,25.0,25.0,25.0,25.0,25.0,25.0
74-89-5,-9999,-9999,-9999,-9999,-9999,-9999,-9999,-9999,-9999,-9999,-9999,-9999,-9999,-9999,-9999,-9999,-9999,10.16,-9999,-9999,-9999,-9999,-9999,-9999,-9999,-9999,-9999,-9999,2.821,-0.64,-9999,-9999,-9999,-9999,-9999,-9999,-9999,-9999,25.0,25.0,25.0,25.0,25.0,25.0,25.0,25.0,25.0,25.0,25.0,25.0
112-25-4,-9999,-9999,-9999,-9999,-9999,-9999,-9999,-9999,-9999,-9999,-9999,-9999,-9999,-9999,-9999,-9999,-9999,220.83,-9999,-9999,-9999,-9999,-9999,-9999,-9999,-9999,-9999,-9999,6.227,1.55,-9999,-9999,-9999,-9999,-9999,-9999,-9999,-9999,25.0,25.0,25.0,25.0,25.0,25.0,25.0,25.0,25.0,25.0,25.0,25.0
71617-10-2,-9999,-9999,-9999,-9999,-9999,-9999,-9999,-9999,-9999,-9999,-9999,-9999,-9999,-9999,-9999,-9999,-9999,324.44,-9999,-9999,-9999,-9999,-9999,-9999,-9999,-9999,-9999,-9999,8.837,4.33,-9999,-9999,-9999,-9999,-9999,-9999,-9999,-9999,25.0,25.0,25.0,25.0,25.0,25.0,25.0,25.0,25.0,25.0,25.0,25.0
87-68-3,-9999,-9999,-9999,-9999,-9999,-9999,-9999,-9999,-9999,-9999,260.759,-9999,-9999,-9999,-9999,-9999,-9999,215.84,41236.0,-9999,-9999,-9999,-1.08,-9999,9.819505360623782e-09,9.819505360623782e-09,9.819505360623782e-09,-9999,5.1155,4.72,-9999,-9999,-9999,-9999,-9999,-9999,-9999,-9999,25.0,25.0,25.0,25.0,25.0,25.0,25.0,25.0,25.0,25.0,25.0,25.0
1330-78-5,-9999,-9999,-9999,-9999,-9999,-9999,-9999,-9999,-9999,-9999,-9999,-9999,-9999,-9999,-9999,-9999,-9999,476.06,-9999,-9999,-9999,-9999,-9999,-9999,-9999,-9999,-9999,-9999,12.0,6.34,-9999,-9999,-9999,-9999,-9999,-9999,-9999,-9999,25.0,25.0,25.0,25.0,25.0,25.0,25.0,25.0,25.0,25.0,25.0,25.0
924-42-5,-9999,-9999,-9999,-9999,-9999,-9999,-9999,-9999,-9999,-9999,-9999,-9999,-9999,-9999,-9999,-9999,-9999,276.5,-9999,-9999,-9999,-9999,-9999,-9999,-9999,-9999,-9999,-9999,7.603,-1.81,-9999,-9999,-9999,-9999,-9999,-9999,-9999,-9999,25.0,25.0,25.0,25.0,25.0,25.0,25.0,25.0,25.0,25.0,25.0,25.0
143-22-6,-9999,-9999,-9999,-9999,-9999,-9999,-9999,-9999,-9999,-9999,-9999,-9999,-9999,-9999,-9999,-9999,-9999,290.55,-9999,-9999,-9999,-9999,-9999,-9999,-9999,-9999,-9999,-9999,9.036,0.02,-9999,-9999,-9999,-9999,-9999,-9999,-9999,-9999,25.0,25.0,25.0,25.0,25.0,25.0,25.0,25.0,25.0,25.0,25.0,25.0
1330-20-7,-9999,-9999,-9999,-9999,-9999,-9999,-9999,-9999,-9999,-9999,-9999,-9999,-9999,-9999,-9999,-9999,-9999,148.29,-9999,-9999,-9999,-9999,-9999,-9999,-9999,-9999,-9999,-9999,3.681,3.09,-9999,-9999,-9999,-9999,-9999,-9999,-9999,-9999,25.0,25.0,25.0,25.0,25.0,25.0,25.0,25.0,25.0,25.0,25.0,25.0
661-19-8,-9999,-9999,-9999,-9999,-9999,-9999,-9999,-9999,-9999,-9999,-9999,-9999,-9999,-9999,-9999,-9999,-9999,401.08,-9999,-9999,-9999,-9999,-9999,-9999,-9999,-9999,-9999,-9999,10.854,9.68,-9999,-9999,-9999,-9999,-9999,-9999,-9999,-9999,25.0,25.0,25.0,25.0,25.0,25.0,25.0,25.0,25.0,25.0,25.0,25.0
676228-91-4,-9999,-9999,-9999,-9999,-9999,-9999,-9999,-9999,-9999,-9999,-9999,-9999,-9999,-9999,-9999,-9999,-9999,423.29,-9999,-9999,-9999,-9999,-9999,-9999,9.819505360623782e-09,9.819505360623782e-09,9.819505360623782e-09,-9999,16.121,1.52,-9999,-9999,-9999,-9999,-9999,-9999,-9999,-9999,25.0,25.0,25.0,25.0,25.0,25.0,25.0,25.0,25.0,25.0,25.0,25.0
3039-83-6,-9999,-9999,-9999,-9999,-9999,-9999,-9999,-9999,-9999,-9999,-9999,-9999,-9999,-9999,-9999,-9999,-9999,459.56,-9999,-9999,-9999,-9999,-9999,-9999,-9999,-9999,-9999,-9999,1.668,-4.17,-9999,-9999,-9999,-9999,-9999,-9999,-9999,-9999,25.0,25.0,25.0,25.0,25.0,25.0,25.0,25.0,25.0,25.0,25.0,25.0
118-74-1,-9999,-9999,-9999,-9999,-9999,-9999,-9999,-9999,-9999,-9999,284.779,-9999,-9999,-9999,-9999,-9999,-9999,291.43,50655.0,-9999,-9999,-9999,-1.98,-9999,9.819505360623782e-09,9.819505360623782e-09,9.819505360623782e-09,-9999,7.093,5.86,-9999,-9999,-9999,-9999,-9999,-9999,-9999,-9999,25.0,25.0,25.0,25.0,25.0,25.0,25.0,25.0,25.0,25.0,25.0,25.0
34090-76-1,-9999,-9999,-9999,-9999,-9999,-9999,-9999,-9999,-9999,-9999,-9999,-9999,-9999,-9999,-9999,-9999,-9999,255.67,-9999,-9999,-9999,-9999,-9999,-9999,-9999,-9999,-9999,-9999,7.39,4.0,-9999,-9999,-9999,-9999,-9999,-9999,-9999,-9999,25.0,25.0,25.0,25.0,25.0,25.0,25.0,25.0,25.0,25.0,25.0,25.0
91-97-4,-9999,-9999,-9999,-9999,-9999,-9999,-9999,-9999,-9999,-9999,-9999,-9999,-9999,-9999,-9999,-9999,-9999,364.35,-9999,-9999,-9999,-9999,-9999,-9999,-9999,-9999,-9999,-9999,10.466,6.05,-9999,-9999,-9999,-9999,-9999,-9999,-9999,-9999,25.0,25.0,25.0,25.0,25.0,25.0,25.0,25.0,25.0,25.0,25.0,25.0
5124-30-1,-9999,-9999,-9999,-9999,-9999,-9999,-9999,-9999,-9999,-9999,-9999,-9999,-9999,-9999,-9999,-9999,-9999,345.8,-9999,-9999,-9999,-9999,-9999,-9999,-9999,-9999,-9999,-9999,8.667,6.11,-9999,-9999,-9999,-9999,-9999,-9999,-9999,-9999,25.0,25.0,25.0,25.0,25.0,25.0,25.0,25.0,25.0,25.0,25.0,25.0
107-06-2,-9999,-9999,-9999,-9999,-9999,-9999,-9999,-9999,-9999,-9999,98.9588,-9999,-9999,-9999,-9999,-9999,-9999,104.72,25193.0,-9999,-9999,-9999,-1.65,1.3182312824257917e-12,1.8657060185185187e-07,1.8657060185185187e-07,1.8657060185185187e-07,5.248060976643892e-10,2.4665,1.83,-9999,-9999,-9999,-9999,-9999,-9999,-9999,-9999,25.0,25.0,25.0,25.0,25.0,25.0,25.0,25.0,25.0,25.0,25.0,25.0
115-77-5,-9999,-9999,-9999,-9999,-9999,-9999,-9999,-9999,-9999,-9999,-9999,-9999,-9999,-9999,-9999,-9999,-9999,320.85,-9999,-9999,-9999,-9999,-9999,-9999,-9999,-9999,-9999,-9999,6.047,-1.77,-9999,-9999,-9999,-9999,-9999,-9999,-9999,-9999,25.0,25.0,25.0,25.0,25.0,25.0,25.0,25.0,25.0,25.0,25.0,25.0
1313-82-2,-9999,-9999,-9999,-9999,-9999,-9999,-9999,-9999,-9999,-9999,-9999,-9999,-9999,-9999,-9999,-9999,-9999,-9999,-9999,-9999,-9999,-9999,-9999,-9999,-9999,-9999,-9999,-9999,-9999,-9999,-9999,-9999,-9999,-9999,-9999,-9999,-9999,-9999,25.0,25.0,25.0,25.0,25.0,25.0,25.0,25.0,25.0,25.0,25.0,25.0
107-31-3,-9999,-9999,-9999,-9999,-9999,-9999,-9999,-9999,-9999,-9999,-9999,-9999,-9999,-9999,-9999,-9999,-9999,28.88,-9999,-9999,-9999,-9999,-9999,-9999,-9999,-9999,-9999,-9999,1.954,-0.17,-9999,-9999,-9999,-9999,-9999,-9999,-9999,-9999,25.0,25.0,25.0,25.0,25.0,25.0,25.0,25.0,25.0,25.0,25.0,25.0
111-96-6,-9999,-9999,-9999,-9999,-9999,-9999,-9999,-9999,-9999,-9999,-9999,-9999,-9999,-9999,-9999,-9999,-9999,145.29,-9999,-9999,-9999,-9999,-9999,-9999,9.034387251835169e-07,9.034387251835169e-07,9.034387251835169e-07,-9999,4.449999999999999,-0.48,-9999,-9999,-9999,-9999,-9999,-9999,-9999,-9999,25.0,25.0,25.0,25.0,25.0,25.0,25.0,25.0,25.0,25.0,25.0,25.0
7446-81-3,-9999,-9999,-9999,-9999,-9999,-9999,-9999,-9999,-9999,-9999,-9999,-9999,-9999,-9999,-9999,-9999,-9999,403.08,-9999,-9999,-9999,-9999,-9999,-9999,-9999,-9999,-9999,-9999,1.556,-3.37,-9999,-9999,-9999,-9999,-9999,-9999,-9999,-9999,25.0,25.0,25.0,25.0,25.0,25.0,25.0,25.0,25.0,25.0,25.0,25.0
1663-39-4,-9999,-9999,-9999,-9999,-9999,-9999,-9999,-9999,-9999,-9999,-9999,-9999,-9999,-9999,-9999,-9999,-9999,124.09,-9999,-9999,-9999,-9999,-9999,-9999,-9999,-9999,-9999,-9999,4.144,2.09,-9999,-9999,-9999,-9999,-9999,-9999,-9999,-9999,25.0,25.0,25.0,25.0,25.0,25.0,25.0,25.0,25.0,25.0,25.0,25.0
64-19-7,-9999,-9999,-9999,-9999,-9999,-9999,-9999,-9999,-9999,-9999,-9999,-9999,-9999,-9999,-9999,-9999,-9999,122.3,-9999,-9999,-9999,-9999,-9999,-9999,-9999,-9999,-9999,-9999,4.979,0.09,-9999,-9999,-9999,-9999,-9999,-9999,-9999,-9999,25.0,25.0,25.0,25.0,25.0,25.0,25.0,25.0,25.0,25.0,25.0,25.0
1120-21-4,-9999,-9999,-9999,-9999,-9999,-9999,-9999,-9999,-9999,-9999,-9999,-9999,-9999,-9999,-9999,-9999,-9999,185.61,-9999,-9999,-9999,-9999,-9999,-9999,-9999,-9999,-9999,-9999,3.5620000000000003,5.74,-9999,-9999,-9999,-9999,-9999,-9999,-9999,-9999,25.0,25.0,25.0,25.0,25.0,25.0,25.0,25.0,25.0,25.0,25.0,25.0
27107-89-7,-9999,-9999,-9999,-9999,-9999,-9999,-9999,-9999,-9999,-9999,-9999,-9999,-9999,-9999,-9999,-9999,-9999,710.43,-9999,-9999,-9999,-9999,-9999,-9999,-9999,-9999,-9999,-9999,-9999,14.42,-9999,-9999,-9999,-9999,-9999,-9999,-9999,-9999,25.0,25.0,25.0,25.0,25.0,25.0,25.0,25.0,25.0,25.0,25.0,25.0
78-84-2,-9999,-9999,-9999,-9999,-9999,-9999,-9999,-9999,-9999,-9999,-9999,-9999,-9999,-9999,-9999,-9999,-9999,69.83,-9999,-9999,-9999,-9999,-9999,-9999,-9999,-9999,-9999,-9999,2.9610000000000003,0.74,-9999,-9999,-9999,-9999,-9999,-9999,-9999,-9999,25.0,25.0,25.0,25.0,25.0,25.0,25.0,25.0,25.0,25.0,25.0,25.0
4531-49-1,-9999,-9999,-9999,-9999,-9999,-9999,-9999,-9999,-9999,-9999,-9999,-9999,-9999,-9999,-9999,-9999,-9999,914.4,-9999,-9999,-9999,-9999,-9999,-9999,-9999,-9999,-9999,-9999,29.204,6.09,-9999,-9999,-9999,-9999,-9999,-9999,-9999,-9999,25.0,25.0,25.0,25.0,25.0,25.0,25.0,25.0,25.0,25.0,25.0,25.0
85-68-7,-9999,-9999,-9999,-9999,-9999,-9999,-9999,-9999,-9999,-9999,-9999,-9999,-9999,-9999,-9999,-9999,-9999,387.45,-9999,-9999,-9999,-9999,-9999,-9999,-9999,-9999,-9999,-9999,9.810500000000001,4.84,-9999,-9999,-9999,-9999,-9999,-9999,-9999,-9999,25.0,25.0,25.0,25.0,25.0,25.0,25.0,25.0,25.0,25.0,25.0,25.0
108-32-7,-9999,-9999,-9999,-9999,-9999,-9999,-9999,-9999,-9999,-9999,-9999,-9999,-9999,-9999,-9999,-9999,-9999,297.49,-9999,-9999,-9999,-9999,-9999,-9999,-9999,-9999,-9999,-9999,3.675,0.08,-9999,-9999,-9999,-9999,-9999,-9999,-9999,-9999,25.0,25.0,25.0,25.0,25.0,25.0,25.0,25.0,25.0,25.0,25.0,25.0
15934-01-7,-9999,-9999,-9999,-9999,-9999,-9999,-9999,-9999,-9999,-9999,-9999,-9999,-9999,-9999,-9999,-9999,-9999,942.08,-9999,-9999,-9999,-9999,-9999,-9999,-9999,-9999,-9999,-9999,29.578,-4.7,-9999,-9999,-9999,-9999,-9999,-9999,-9999,-9999,25.0,25.0,25.0,25.0,25.0,25.0,25.0,25.0,25.0,25.0,25.0,25.0
15307-86-5,-9999,-9999,-9999,-9999,-9999,-9999,-9999,-9999,-9999,-9999,296.15,-9999,-9999,-9999,-9999,-9999,-9999,-9999,103000.0,-9999,-9999,-9999,-7.66,-9999,-9999,-9999,-9999,-9999,-9999,-9999,-9999,-9999,-9999,-9999,-9999,-9999,-9999,-9999,25.0,25.0,25.0,25.0,25.0,25.0,25.0,25.0,25.0,25.0,25.0,25.0
7695-91-2,-9999,-9999,-9999,-9999,-9999,-9999,-9999,-9999,-9999,-9999,-9999,-9999,-9999,-9999,-9999,-9999,-9999,493.41,-9999,-9999,-9999,-9999,-9999,-9999,-9999,-9999,-9999,-9999,14.035,12.26,-9999,-9999,-9999,-9999,-9999,-9999,-9999,-9999,25.0,25.0,25.0,25.0,25.0,25.0,25.0,25.0,25.0,25.0,25.0,25.0
77-41-8,-9999,-9999,-9999,-9999,-9999,-9999,-9999,-9999,-9999,-9999,-9999,-9999,-9999,-9999,-9999,-9999,-9999,399.31,-9999,-9999,-9999,-9999,-9999,-9999,4.3062457754319e-07,4.3062457754319e-07,4.3062457754319e-07,-9999,8.063,1.45,-9999,-9999,-9999,-9999,-9999,-9999,-9999,-9999,25.0,25.0,25.0,25.0,25.0,25.0,25.0,25.0,25.0,25.0,25.0,25.0
34911-55-2,-9999,-9999,-9999,-9999,-9999,-9999,-9999,-9999,-9999,-9999,-9999,-9999,-9999,-9999,-9999,-9999,-9999,308.53,-9999,-9999,-9999,-9999,-9999,-9999,9.819505360623782e-09,9.819505360623782e-09,9.819505360623782e-09,-9999,9.23,3.85,-9999,-9999,-9999,-9999,-9999,-9999,-9999,-9999,25.0,25.0,25.0,25.0,25.0,25.0,25.0,25.0,25.0,25.0,25.0,25.0
2855-13-2,-9999,-9999,-9999,-9999,-9999,-9999,-9999,-9999,-9999,-9999,-9999,-9999,-9999,-9999,-9999,-9999,-9999,245.21,-9999,-9999,-9999,-9999,-9999,-9999,-9999,-9999,-9999,-9999,8.645,1.9,-9999,-9999,-9999,-9999,-9999,-9999,-9999,-9999,25.0,25.0,25.0,25.0,25.0,25.0,25.0,25.0,25.0,25.0,25.0,25.0
109-92-2,-9999,-9999,-9999,-9999,-9999,-9999,-9999,-9999,-9999,-9999,-9999,-9999,-9999,-9999,-9999,-9999,-9999,45.07,-9999,-9999,-9999,-9999,-9999,-9999,-9999,-9999,-9999,-9999,1.557,0.91,-9999,-9999,-9999,-9999,-9999,-9999,-9999,-9999,25.0,25.0,25.0,25.0,25.0,25.0,25.0,25.0,25.0,25.0,25.0,25.0
592-41-6,-9999,-9999,-9999,-9999,-9999,-9999,-9999,-9999,-9999,-9999,-9999,-9999,-9999,-9999,-9999,-9999,-9999,69.66,-9999,-9999,-9999,-9999,-9999,-9999,-9999,-9999,-9999,-9999,2.0735,3.15,-9999,-9999,-9999,-9999,-9999,-9999,-9999,-9999,25.0,25.0,25.0,25.0,25.0,25.0,25.0,25.0,25.0,25.0,25.0,25.0
101-84-8,-9999,-9999,-9999,-9999,-9999,-9999,-9999,-9999,-9999,-9999,-9999,-9999,-9999,-9999,-9999,-9999,-9999,269.66,-9999,-9999,-9999,-9999,-9999,-9999,-9999,-9999,-9999,-9999,6.26,4.05,-9999,-9999,-9999,-9999,-9999,-9999,-9999,-9999,25.0,25.0,25.0,25.0,25.0,25.0,25.0,25.0,25.0,25.0,25.0,25.0
2156-27-6,-9999,-9999,-9999,-9999,-9999,-9999,-9999,-9999,-9999,-9999,-9999,-9999,-9999,-9999,-9999,-9999,-9999,402.23,-9999,-9999,-9999,-9999,-9999,-9999,2.8549949749571637e-08,2.8549949749571637e-08,2.8549949749571637e-08,-9999,11.55,5.57,-9999,-9999,-9999,-9999,-9999,-9999,-9999,-9999,25.0,25.0,25.0,25.0,25.0,25.0,25.0,25.0,25.0,25.0,25.0,25.0
139-13-9,-9999,-9999,-9999,-9999,-9999,-9999,-9999,-9999,-9999,-9999,-9999,-9999,-9999,-9999,-9999,-9999,-9999,429.28,-9999,-9999,-9999,-9999,-9999,-9999,-9999,-9999,-9999,-9999,10.503,-3.81,-9999,-9999,-9999,-9999,-9999,-9999,-9999,-9999,25.0,25.0,25.0,25.0,25.0,25.0,25.0,25.0,25.0,25.0,25.0,25.0
120-61-6,-9999,-9999,-9999,-9999,-9999,-9999,-9999,-9999,-9999,-9999,-9999,-9999,-9999,-9999,-9999,-9999,-9999,248.83,-9999,-9999,-9999,-9999,-9999,-9999,-9999,-9999,-9999,-9999,5.6045,1.66,-9999,-9999,-9999,-9999,-9999,-9999,-9999,-9999,25.0,25.0,25.0,25.0,25.0,25.0,25.0,25.0,25.0,25.0,25.0,25.0
CAS,Delha1,Delha2,Delhac,Delhb1,Delhb2,Delhba,Delhn,Delho,Delhp,Delhs,MolMass,X1sedim,X1soil,X1water,X2sedim,X2soil,X2water,bp,dhaw,dhoa,dhow,kac,kaw0,kba,kde,kds,kdw,kn,koa0,kow0,kp,ks,mp,pka1,pka2,pkb1,pkb2,pv,toa1,toa2,toac,tob1,tob2,toba,tode,tods,todw,ton,top,tos
127-08-2,-9999,-9999,-9999,-9999,-9999,-9999,-9999,-9999,-9999,-9999,-9999,-9999,-9999,-9999,-9999,-9999,-9999,392.35,-9999,-9999,-9999,-9999,-9999,-9999,-9999,-9999,-9999,-9999,-9999,-3.72,-9999,-9999,-9999,-9999,-9999,-9999,-9999,-9999,25.0,25.0,25.0,25.0,25.0,25.0,25.0,25.0,25.0,25.0,25.0,25.0
143-28-2,-9999,-9999,-9999,-9999,-9999,-9999,-9999,-9999,-9999,-9999,-9999,-9999,-9999,-9999,-9999,-9999,-9999,358.24,-9999,-9999,-9999,-9999,-9999,-9999,-9999,-9999,-9999,-9999,9.222,7.5,-9999,-9999,-9999,-9999,-9999,-9999,-9999,-9999,25.0,25.0,25.0,25.0,25.0,25.0,25.0,25.0,25.0,25.0,25.0,25.0
38083-17-9,-9999,-9999,-9999,-9999,-9999,-9999,-9999,-9999,-9999,-9999,-9999,-9999,-9999,-9999,-9999,-9999,-9999,411.96,-9999,-9999,-9999,-9999,-9999,-9999,-9999,-9999,-9999,-9999,10.692,3.76,-9999,-9999,-9999,-9999,-9999,-9999,-9999,-9999,25.0,25.0,25.0,25.0,25.0,25.0,25.0,25.0,25.0,25.0,25.0,25.0
56358-17-9,-9999,-9999,-9999,-9999,-9999,-9999,-9999,-9999,-9999,-9999,-9999,-9999,-9999,-9999,-9999,-9999,-9999,364.92,-9999,-9999,-9999,-9999,-9999,-9999,-9999,-9999,-9999,-9999,10.076,6.16,-9999,-9999,-9999,-9999,-9999,-9999,-9999,-9999,25.0,25.0,25.0,25.0,25.0,25.0,25.0,25.0,25.0,25.0,25.0,25.0
56-81-5,-9999,-9999,-9999,-9999,-9999,-9999,-9999,-9999,-9999,-9999,-9999,-9999,-9999,-9999,-9999,-9999,-9999,230.65,-9999,-9999,-9999,-9999,-9999,-9999,-9999,-9999,-9999,-9999,4.663,-1.65,-9999,-9999,-9999,-9999,-9999,-9999,-9999,-9999,25.0,25.0,25.0,25.0,25.0,25.0,25.0,25.0,25.0,25.0,25.0,25.0
39227-28-6,-9999,-9999,-9999,-9999,-9999,-9999,-9999,-9999,-9999,-9999,390.8559,-9999,-9999,-9999,-9999,-9999,-9999,416.55,70334.0,-9999,-9999,-9999,-3.72,-9999,2.4310714786756453e-07,2.4310714786756453e-07,2.4310714786756453e-07,-9999,12.156500000000001,8.21,-9999,-9999,-9999,-9999,-9999,-9999,-9999,-9999,25.0,25.0,25.0,25.0,25.0,25.0,25.0,25.0,25.0,25.0,25.0,25.0
108-78-1,-9999,-9999,-9999,-9999,-9999,-9999,-9999,-9999,-9999,-9999,-9999,-9999,-9999,-9999,-9999,-9999,-9999,329.78,-9999,-9999,-9999,-9999,-9999,-9999,-9999,-9999,-9999,-9999,10.742999999999999,-0.38,-9999,-9999,-9999,-9999,-9999,-9999,-9999,-9999,25.0,25.0,25.0,25.0,25.0,25.0,25.0,25.0,25.0,25.0,25.0,25.0
112-72-1,-9999,-9999,-9999,-9999,-9999,-9999,-9999,-9999,-9999,-9999,-9999,-9999,-9999,-9999,-9999,-9999,-9999,303.68,-9999,-9999,-9999,-9999,-9999,-9999,-9999,-9999,-9999,-9999,8.061,5.75,-9999,-9999,-9999,-9999,-9999,-9999,-9999,-9999,25.0,25.0,25.0,25.0,25.0,25.0,25.0,25.0,25.0,25.0,25.0,25.0
24851-98-7,-9999,-9999,-9999,-9999,-9999,-9999,-9999,-9999,-9999,-9999,-9999,-9999,-9999,-9999,-9999,-9999,-9999,309.32,-9999,-9999,-9999,-9999,-9999,-9999,-9999,-9999,-9999,-9999,7.668,2.98,-9999,-9999,-9999,-9999,-9999,-9999,-9999,-9999,25.0,25.0,25.0,25.0,25.0,25.0,25.0,25.0,25.0,25.0,25.0,25.0
57117-31-4,-9999,-9999,-9999,-9999,-9999,-9999,-9999,-9999,-9999,-9999,340.41385,-9999,-9999,-9999,-9999,-9999,-9999,396.14,102000.0,-9999,-9999,-9999,-3.72,-9999,9.819505360623782e-09,9.819505360623782e-09,9.819505360623782e-09,-9999,10.696,7.27,-9999,-9999,-9999,-9999,-9999,-9999,-9999,-9999,25.0,25.0,25.0,25.0,25.0,25.0,25.0,25.0,25.0,25.0,25.0,25.0
3081-01-4,-9999,-9999,-9999,-9999,-9999,-9999,-9999,-9999,-9999,-9999,-9999,-9999,-9999,-9999,-9999,-9999,-9999,381.27,-9999,-9999,-9999,-9999,-9999,-9999,-9999,-9999,-9999,-9999,11.909,5.17,-9999,-9999,-9999,-9999,-9999,-9999,-9999,-9999,25.0,25.0,25.0,25.0,25.0,25.0,25.0,25.0,25.0,25.0,25.0,25.0
100-69-6,-9999,-9999,-9999,-9999,-9999,-9999,-9999,-9999,-9999,-9999,-9999,-9999,-9999,-9999,-9999,-9999,-9999,156.95,-9999,-9999,-9999,-9999,-9999,-9999,-9999,-9999,-9999,-9999,5.161,1.71,-9999,-9999,-9999,-9999,-9999,-9999,-9999,-9999,25.0,25.0,25.0,25.0,25.0,25.0,25.0,25.0,25.0,25.0,25.0,25.0
5333-42-6,-9999,-9999,-9999,-9999,-9999,-9999,-9999,-9999,-9999,-9999,-9999,-9999,-9999,-9999,-9999,-9999,-9999,370.88,-9999,-9999,-9999,-9999,-9999,-9999,-9999,-9999,-9999,-9999,10.05,8.63,-9999,-9999,-9999,-9999,-9999,-9999,-9999,-9999,25.0,25.0,25.0,25.0,25.0,25.0,25.0,25.0,25.0,25.0,25.0,25.0
24124-25-2,-9999,-9999,-9999,-9999,-9999,-9999,-9999,-9999,-9999,-9999,569.4630999999999,-9999,-9999,-9999,-9999,-9999,-9999,510.38,-9999,-9999,-9999,-9999,0.11,-9999,9.819505360623782e-09,9.819505360623782e-09,9.819505360623782e-09,-9999,8.437,10.67,-9999,-9999,-9999,-9999,-9999,-9999,-9999,-9999,25.0,25.0,25.0,25.0,25.0,25.0,25.0,25.0,25.0,25.0,25.0,25.0
85-44-9,-9999,-9999,-9999,-9999,-9999,-9999,-9999,-9999,-9999,-9999,-9999,-9999,-9999,-9999,-9999,-9999,-9999,253.03,-9999,-9999,-9999,-9999,-9999,-9999,-9999,-9999,-9999,-9999,6.715999999999999,2.07,-9999,-9999,-9999,-9999,-9999,-9999,-9999,-9999,25.0,25.0,25.0,25.0,25.0,25.0,25.0,25.0,25.0,25.0,25.0,25.0
109-92-2,-9999,-9999,-9999,-9999,-9999,-9999,-9999,-9999,-9999,-9999,-9999,-9999,-9999,-9999,-9999,-9999,-9999,45.07,-9999,-9999,-9999,-9999,-9999,-9999,-9999,-9999,-9999,-9999,1.557,0.91,-9999,-9999,-9999,-9999,-9999,-9999,-9999,-9999,25.0,25.0,25.0,25.0,25.0,25.0,25.0,25.0,25.0,25.0,25.0,25.0
75-91-2,-9999,-9999,-9999,-9999,-9999,-9999,-9999,-9999,-9999,-9999,-9999,-9999,-9999,-9999,-9999,-9999,-9999,99.6,-9999,-9999,-9999,-9999,-9999,-9999,-9999,-9999,-9999,-9999,4.124,0.94,-9999,-9999,-9999,-9999,-9999,-9999,-9999,-9999,25.0,25.0,25.0,25.0,25.0,25.0,25.0,25.0,25.0,25.0,25.0,25.0
1665-48-1,-9999,-9999,-9999,-9999,-9999,-9999,-9999,-9999,-9999,-9999,-9999,-9999,-9999,-9999,-9999,-9999,-9999,371.49,-9999,-9999,-9999,-9999,-9999,-9999,1.0028169849537037e-07,1.0028169849537037e-07,1.0028169849537037e-07,-9999,10.56,2.6,-9999,-9999,-9999,-9999,-9999,-9999,-9999,-9999,25.0,25.0,25.0,25.0,25.0,25.0,25.0,25.0,25.0,25.0,25.0,25.0
140-11-4,-9999,-9999,-9999,-9999,-9999,-9999,-9999,-9999,-9999,-9999,-9999,-9999,-9999,-9999,-9999,-9999,-9999,215.57,-9999,-9999,-9999,-9999,-9999,-9999,-9999,-9999,-9999,-9999,5.3055,2.08,-9999,-9999,-9999,-9999,-9999,-9999,-9999,-9999,25.0,25.0,25.0,25.0,25.0,25.0,25.0,25.0,25.0,25.0,25.0,25.0
3327-22-8,-9999,-9999,-9999,-9999,-9999,-9999,-9999,-9999,-9999,-9999,-9999,-9999,-9999,-9999,-9999,-9999,-9999,412.83,-9999,-9999,-9999,-9999,-9999,-9999,-9999,-9999,-9999,-9999,9.932,-4.48,-9999,-9999,-9999,-9999,-9999,-9999,-9999,-9999,25.0,25.0,25.0,25.0,25.0,25.0,25.0,25.0,25.0,25.0,25.0,25.0
38640-62-9,-9999,-9999,-9999,-9999,-9999,-9999,-9999,-9999,-9999,-9999,-9999,-9999,-9999,-9999,-9999,-9999,-9999,309.55,-9999,-9999,-9999,-9999,-9999,-9999,-9999,-9999,-9999,-9999,7.17,6.08,-9999,-9999,-9999,-9999,-9999,-9999,-9999,-9999,25.0,25.0,25.0,25.0,25.0,25.0,25.0,25.0,25.0,25.0,25.0,25.0
107-43-7,-9999,-9999,-9999,-9999,-9999,-9999,-9999,-9999,-9999,-9999,-9999,-9999,-9999,-9999,-9999,-9999,-9999,391.94,-9999,-9999,-9999,-9999,-9999,-9999,-9999,-9999,-9999,-9999,11.866,-2.93,-9999,-9999,-9999,-9999,-9999,-9999,-9999,-9999,25.0,25.0,25.0,25.0,25.0,25.0,25.0,25.0,25.0,25.0,25.0,25.0
CAS,Delha1,Delha2,Delhac,Delhb1,Delhb2,Delhba,Delhn,Delho,Delhp,Delhs,MolMass,X1sedim,X1soil,X1water,X2sedim,X2soil,X2water,bp,dhaw,dhoa,dhow,kac,kaw0,kba,kde,kds,kdw,kn,koa0,kow0,kp,ks,mp,pka1,pka2,pkb1,pkb2,pv,toa1,toa2,toac,tob1,tob2,toba,tode,tods,todw,ton,top,tos
102767-28-2,-9999,-9999,-9999,-9999,-9999,-9999,-9999,-9999,-9999,-9999,-9999,-9999,-9999,-9999,-9999,-9999,-9999,367.03,-9999,-9999,-9999,-9999,-9999,-9999,9.819505360623782e-09,9.819505360623782e-09,9.819505360623782e-09,-9999,7.472,-0.49,-9999,-9999,-9999,-9999,-9999,-9999,-9999,-9999,25.0,25.0,25.0,25.0,25.0,25.0,25.0,25.0,25.0,25.0,25.0,25.0
1185-55-3,-9999,-9999,-9999,-9999,-9999,-9999,-9999,-9999,-9999,-9999,-9999,-9999,-9999,-9999,-9999,-9999,-9999,98.41,-9999,-9999,-9999,-9999,-9999,-9999,-9999,-9999,-9999,-9999,1.78,-0.67,-9999,-9999,-9999,-9999,-9999,-9999,-9999,-9999,25.0,25.0,25.0,25.0,25.0,25.0,25.0,25.0,25.0,25.0,25.0,25.0
110-97-4,-9999,-9999,-9999,-9999,-9999,-9999,-9999,-9999,-9999,-9999,-9999,-9999,-9999,-9999,-9999,-9999,-9999,234.3,-9999,-9999,-9999,-9999,-9999,-9999,-9999,-9999,-9999,-9999,7.699,-0.88,-9999,-9999,-9999,-9999,-9999,-9999,-9999,-9999,25.0,25.0,25.0,25.0,25.0,25.0,25.0,25.0,25.0,25.0,25.0,25.0
111-29-5,-9999,-9999,-9999,-9999,-9999,-9999,-9999,-9999,-9999,-9999,-9999,-9999,-9999,-9999,-9999,-9999,-9999,215.22,-9999,-9999,-9999,-9999,-9999,-9999,-9999,-9999,-9999,-9999,5.173,0.27,-9999,-9999,-9999,-9999,-9999,-9999,-9999,-9999,25.0,25.0,25.0,25.0,25.0,25.0,25.0,25.0,25.0,25.0,25.0,25.0
23783-42-8,-9999,-9999,-9999,-9999,-9999,-9999,-9999,-9999,-9999,-9999,-9999,-9999,-9999,-9999,-9999,-9999,-9999,291.14,-9999,-9999,-9999,-9999,-9999,-9999,-9999,-9999,-9999,-9999,9.463,-1.73,-9999,-9999,-9999,-9999,-9999,-9999,-9999,-9999,25.0,25.0,25.0,25.0,25.0,25.0,25.0,25.0,25.0,25.0,25.0,25.0
29797-40-8,-9999,-9999,-9999,-9999,-9999,-9999,-9999,-9999,-9999,-9999,-9999,-9999,-9999,-9999,-9999,-9999,-9999,204.03,-9999,-9999,-9999,-9999,-9999,-9999,-9999,-9999,-9999,-9999,4.6245,2.97,-9999,-9999,-9999,-9999,-9999,-9999,-9999,-9999,25.0,25.0,25.0,25.0,25.0,25.0,25.0,25.0,25.0,25.0,25.0,25.0
36993-94-9,-9999,-9999,-9999,-9999,-9999,-9999,-9999,-9999,-9999,-9999,-9999,-9999,-9999,-9999,-9999,-9999,-9999,464.79,-9999,-9999,-9999,-9999,-9999,-9999,9.819505360623782e-09,9.819505360623782e-09,9.819505360623782e-09,-9999,8.672,1.43,-9999,-9999,-9999,-9999,-9999,-9999,-9999,-9999,25.0,25.0,25.0,25.0,25.0,25.0,25.0,25.0,25.0,25.0,25.0,25.0
56-23-5,-9999,-9999,-9999,-9999,-9999,-9999,-9999,-9999,-9999,-9999,-9999,-9999,-9999,-9999,-9999,-9999,-9999,80.36,-9999,-9999,-9999,-9999,-9999,-9999,-9999,-9999,-9999,-9999,2.601,2.44,-9999,-9999,-9999,-9999,-9999,-9999,-9999,-9999,25.0,25.0,25.0,25.0,25.0,25.0,25.0,25.0,25.0,25.0,25.0,25.0
10326-41-7,-9999,-9999,-9999,-9999,-9999,-9999,-9999,-9999,-9999,-9999,-9999,-9999,-9999,-9999,-9999,-9999,-9999,204.2,-9999,-9999,-9999,-9999,-9999,-9999,-9999,-9999,-9999,-9999,4.7215,-0.65,-9999,-9999,-9999,-9999,-9999,-9999,-9999,-9999,25.0,25.0,25.0,25.0,25.0,25.0,25.0,25.0,25.0,25.0,25.0,25.0
29457-72-5,-9999,-9999,-9999,-9999,-9999,-9999,-9999,-9999,-9999,-9999,506.05395,-9999,-9999,-9999,-9999,-9999,-9999,456.6,-9999,-9999,-9999,-9999,-9999,-9999,9.819505360623782e-09,9.819505360623782e-09,9.819505360623782e-09,-9999,-9999,2.35,-9999,-9999,-9999,-9999,-9999,-9999,-9999,-9999,25.0,25.0,25.0,25.0,25.0,25.0,25.0,25.0,25.0,25.0,25.0,25.0
111-76-2,-9999,-9999,-9999,-9999,-9999,-9999,-9999,-9999,-9999,-9999,-9999,-9999,-9999,-9999,-9999,-9999,-9999,181.14,-9999,-9999,-9999,-9999,-9999,-9999,-9999,-9999,-9999,-9999,5.491,0.57,-9999,-9999,-9999,-9999,-9999,-9999,-9999,-9999,25.0,25.0,25.0,25.0,25.0,25.0,25.0,25.0,25.0,25.0,25.0,25.0
35822-46-9,-9999,-9999,-9999,-9999,-9999,-9999,-9999,-9999,-9999,-9999,425.30345,-9999,-9999,-9999,-9999,-9999,-9999,435.25,73704.0,-9999,-9999,-9999,-3.95,-9999,9.819505360623782e-09,9.819505360623782e-09,9.819505360623782e-09,-9999,11.614,8.85,-9999,-9999,-9999,-9999,-9999,-9999,-9999,-9999,25.0,25.0,25.0,25.0,25.0,25.0,25.0,25.0,25.0,25.0,25.0,25.0
629-82-3,-9999,-9999,-9999,-9999,-9999,-9999,-9999,-9999,-9999,-9999,-9999,-9999,-9999,-9999,-9999,-9999,-9999,293.25,-9999,-9999,-9999,-9999,-9999,-9999,-9999,-9999,-9999,-9999,6.67,6.94,-9999,-9999,-9999,-9999,-9999,-9999,-9999,-9999,25.0,25.0,25.0,25.0,25.0,25.0,25.0,25.0,25.0,25.0,25.0,25.0
137-16-6,-9999,-9999,-9999,-9999,-9999,-9999,-9999,-9999,-9999,-9999,-9999,-9999,-9999,-9999,-9999,-9999,-9999,598.92,-9999,-9999,-9999,-9999,-9999,-9999,-9999,-9999,-9999,-9999,8.622,0.37,-9999,-9999,-9999,-9999,-9999,-9999,-9999,-9999,25.0,25.0,25.0,25.0,25.0,25.0,25.0,25.0,25.0,25.0,25.0,25.0
