CAS,Degredation rate in sediment,Degredation rate in soil,Degredation rate in water,Koc,Vapor pressure,Water solubility,log Kow,pka1,pka2,pkb1,pkb2
111988-49-9,3.50074292929e-08,1.13259330065e-07,3.50074292929e-07,-9999,0.000150629,0.00138038426384,1.55,-9999,-9999,7.02,14.58
120068-37-3,3.50074292929e-08,1.13259330065e-07,1.13259330065e-07,-9999,5.0654e-10,8.56e-07,3.7821,-9999,-9999,-9999,-9999
122-34-9,1.13259330065e-07,3.50074292929e-07,1.13259330065e-07,-9999,0.001223694,0.000223872113849,2.285,-9999,-9999,12.3,-9999
15545-48-9,3.50074292929e-08,1.13259330065e-07,3.50074292929e-07,-9999,0.001178372,0.0010967180741,2.47,13.97,-9999,14.97,-9999
1689-84-5,1.13259330065e-06,3.50074292929e-06,1.13259330065e-05,-9999,0.0004574165,0.000431769761312,3.045,4.2,-9999,-9999,-9999
1698-60-8,3.50074292929e-07,1.13259330065e-06,1.13259330065e-06,-9999,0.000149296,0.000933904804873,0.94,-9999,-9999,10.71,-9999
188425-85-6,3.50074292929e-08,3.50074292929e-08,1.13259330065e-07,-9999,2.0992185e-08,8.12830514845e-06,4.5,13.3,-9999,14.8,-9999
2642-71-9,1.13259330065e-07,1.13259330065e-06,1.13259330065e-06,-9999,2.870242e-05,1.73780082807e-05,3.575,-9999,-9999,14.4,-9999
333-41-5,1.13259330065e-07,3.50074292929e-07,3.50074292929e-07,-9999,0.016178595,2.12e-05,3.81,-9999,-9999,12.4,-9999
34123-59-6,3.50074292929e-08,1.13259330065e-07,3.50074292929e-07,-9999,0.001049071,0.000697,2.475,14.3,-9999,13.9,-9999
51218-45-2,3.50074292929e-08,1.13259330065e-07,3.50074292929e-07,-9999,0.0035757,0.000781606765328,3.23,-9999,-9999,15.49,-9999
52888-80-9,3.50074292929e-08,3.50074292929e-07,3.50074292929e-07,-9999,0.0069183,5.59887028124e-05,4.12,-9999,-9999,14.6,-9999
5915-41-3,3.50074292929e-08,1.13259330065e-07,1.13259330065e-07,-9999,0.0014241,9.77237219223e-05,2.995,-9999,-9999,12.3,-9999
63-25-2,3.50074292929e-08,1.13259330065e-07,1.13259330065e-06,-9999,0.00710489,0.000575439939373,2.42,12.2,-9999,-9999,-9999
67129-08-2,3.50074292929e-08,1.13259330065e-07,3.50074292929e-07,-9999,0.000153295,0.000902,2.305,-9999,-9999,13.6,-9999
7287-19-6,3.50074292929e-08,1.13259330065e-07,1.13259330065e-07,-9999,0.00037874,0.00011,3.42,-9999,-9999,9.9,15.46
886-50-0,3.50074292929e-08,1.13259330065e-07,1.13259330065e-07,-9999,0.00029952,7e-05,3.395,-9999,-9999,9.9,15.46
93-65-2,1.13259330065e-07,1.13259330065e-06,1.13259330065e-06,-9999,0.041096,0.00227668297228,2.955,3.05,-9999,-9999,-9999
94-75-7,1.13259330065e-07,3.50074292929e-07,1.13259330065e-06,-9999,0.00371907,0.00224045421643,2.72,2.97,-9999,-9999,-9999
25057-89-0,1.13259330065e-07,3.50074292929e-07,1.13259330065e-06,-9999,0.0001944674,0.00630957345597,1.86,2.9,-9999,-9999,-9999
10605-21-7,1.13259330065e-07,3.50074292929e-07,1.13259330065e-06,-9999,7.25152e-07,0.00528270307024,1.535,10.0,-9999,9.5,-9999
58-89-9,3.50074292929e-09,1.13259330065e-08,3.50074292929e-08,-9999,0.015521,2.15723962452e-05,3.88835,-9999,-9999,-9999,-9999
94-74-6,1.13259330065e-07,1.13259330065e-06,1.13259330065e-06,-9999,0.018383,0.00416837802811,2.535,3.05,-9999,-9999,-9999
29122-68-7,1.13259330065e-07,3.50074292929e-07,1.13259330065e-06,-9999,1.0275385e-07,0.0568221070812,0.215,13.81,14.75,4.51,14.75
41859-67-0,1.13259330065e-07,1.13259330065e-06,1.13259330065e-06,-9999,2.867898e-08,3.38e-06,3.5,3.99,14.57,14.95,-9999
90357-06-5,3.50074292929e-08,1.13259330065e-07,1.13259330065e-06,-9999,9.55502541e-10,2.23872113946e-05,2.53,11.0,13.41,-9999,-9999
83881-51-0,1.13259330065e-07,1.13259330065e-07,3.50074292929e-07,-9999,3.648617e-08,0.000592131653381,2.345,2.97,-9999,6.67,12.03
75847-73-3,1.13259330065e-07,3.50074292929e-07,1.13259330065e-06,-9999,1.41298e-10,0.000485,1.84,3.07,-9999,8.45,-9999
50-27-1,1.13259330065e-07,3.50074292929e-07,1.13259330065e-06,-9999,2.7156245105e-06,0.000176209299906,2.7018,10.0,15.0,-9999,-9999
54-31-9,1.13259330065e-07,3.50074292929e-07,1.13259330065e-06,-9999,6.94949e-09,0.00039810717158,2.265,3.5,9.01,-9999,-9999
60142-96-3,3.50074292929e-07,1.13259330065e-06,1.13259330065e-06,-9999,0.0406280195951,0.0262,0.4972815,3.8,-9999,3.28,-9999
58-93-5,1.13259330065e-07,3.50074292929e-07,1.13259330065e-06,-9999,1.30487e-08,0.00362732585477,-0.07,8.88,10.15,-9999,-9999
78649-41-9,1.13259330065e-07,3.50074292929e-07,1.13259330065e-06,-9999,5.70000000203e-18,0.000163,-2.58,11.8,12.58,-9999,-9999
73334-07-3,1.13259330065e-07,3.50074292929e-07,3.50074292929e-07,-9999,7.70000000001e-15,3e-05,-2.085,10.61,12.49,-9999,-9999
298-46-4,3.50074292929e-08,1.13259330065e-07,3.50074292929e-07,-9999,6.2502e-06,7.47e-05,2.365,14.3,-9999,13.9,-9999
65277-42-1,3.50074292929e-08,1.13259330065e-07,3.50074292929e-07,-9999,2.0122265e-11,4.96311907271e-07,3.675,-9999,-9999,7.6,9.85
22071-15-4,1.13259330065e-07,3.50074292929e-07,1.13259330065e-06,-9999,0.000128109,0.000474,3.0834,4.07,-9999,-9999,-9999
81103-11-9,1.13259330065e-07,1.13259330065e-06,1.13259330065e-06,-9999,3.09256e-23,1.02374426782e-06,3.14,12.7,13.26,5.45,-9999
113665-84-2,1.13259330065e-07,3.50074292929e-07,1.13259330065e-06,-9999,0.00025822685,0.000151359413355,4.2,-9999,-9999,13.66,-9999
56-75-7,3.50074292929e-08,1.13259330065e-07,1.13259330065e-06,-9999,2.0901166375e-06,0.0089125093925,1.02,9.3,13.17,-9999,-9999
84057-84-1,3.50074292929e-08,1.13259330065e-07,1.13259330065e-06,-9999,1.0716765e-06,0.000545,1.68,-9999,-9999,8.54,-9999
137-58-6,3.50074292929e-08,1.13259330065e-07,3.50074292929e-07,-9999,0.000642239,0.00290509921058,2.345,13.06,-9999,6.1,-9999
846-49-1,3.50074292929e-09,1.13259330065e-08,1.13259330065e-08,-9999,2.6609485e-09,7.41310240683e-05,2.48,11.31,14.96,13.03,-9999
520-85-4,3.50074292929e-08,1.13259330065e-07,3.50074292929e-07,-9999,2.57269e-08,6.45e-05,3.44,13.86,-9999,-9999,-9999
657-24-9,1.13259330065e-07,3.50074292929e-07,3.50074292929e-06,-9999,2.4111,0.338313849965,-1.37,-9999,-9999,2.1,11.02
37350-58-6,1.13259330065e-07,3.50074292929e-07,3.50074292929e-07,-9999,6.46952e-05,0.0303324980364,1.85785,13.89,-9999,4.5,-9999
604-75-1,1.13259330065e-08,3.50074292929e-08,3.50074292929e-08,-9999,6.927264e-09,0.000306417410714,2.275,11.49,15.07,12.15,-9999
13523-86-9,1.13259330065e-07,3.50074292929e-07,1.13259330065e-06,-9999,0.00012583656,0.0268191519349,1.81785,14.07,-9999,4.5,-9999
525-66-6,3.50074292929e-08,1.13259330065e-07,1.13259330065e-06,-9999,0.00034877676,0.00409446693657,3.04,13.9,-9999,4.5,-9999
3930-20-9,3.50074292929e-08,1.13259330065e-07,3.50074292929e-07,-9999,1.24461e-07,0.146859052025,0.32,8.28,15.44,3.95,-9999
723-46-6,1.13259330065e-07,1.13259330065e-06,1.13259330065e-06,-9999,8.669395e-06,0.00493524952622,0.77,5.68,-9999,12.2,-9999
27203-92-5,3.50074292929e-07,1.13259330065e-06,1.13259330065e-06,-9999,0.01037895905,0.00539144961652,2.545,14.2,-9999,4.76,-9999
738-70-5,1.13259330065e-07,3.50074292929e-07,1.13259330065e-06,-9999,5.29008e-07,0.0027554851376,1.15215,-9999,-9999,6.96,-9999
50-28-2,3.50074292929e-07,1.13259330065e-06,1.13259330065e-06,-9999,3.62826335e-05,3.23363559602e-05,3.78,10.0,-9999,-9999,-9999
51-28-5,3.50074292929e-08,1.13259330065e-07,1.13259330065e-06,-9999,0.00171957,0.0107,1.695,4.2,-9999,-9999,-9999
53-16-7,1.13259330065e-07,3.50074292929e-07,1.13259330065e-06,-9999,0.33929195,4.57088190258e-05,3.405,9.92,-9999,-9999,-9999
57-83-0,3.50074292929e-08,1.13259330065e-07,3.50074292929e-07,-9999,0.000358577,3.09029543359e-05,3.7224,-9999,-9999,-9999,-9999
58-08-2,1.13259330065e-07,3.50074292929e-07,1.13259330065e-06,-9999,0.0003087835445,0.147785787848,0.045,-9999,-9999,-9999,-9999
58-22-0,3.50074292929e-08,1.13259330065e-07,3.50074292929e-07,-9999,2.27943e-06,8.30704156988e-05,3.2672,15.99,-9999,-9999,-9999
60-00-4,1.13259330065e-07,3.50074292929e-07,1.13259330065e-06,-9999,3.5062705e-09,0.537211291702,-1.54,0.67,1.29,3.04,6.16
60-80-0,1.13259330065e-07,1.13259330065e-06,1.13259330065e-06,-9999,0.52104535,0.407480210381,0.655,-9999,-9999,12.2,-9999
63-05-8,3.50074292929e-08,1.13259330065e-07,3.50074292929e-07,-9999,0.0003646105,0.000107151930382,2.9,-9999,-9999,-9999,-9999
67-43-6,1.13259330065e-07,3.50074292929e-07,1.13259330065e-06,-9999,6.40806465e-12,1.13,-1.9,0.98,1.52,2.93,3.98
67-66-3,1.13259330065e-08,3.50074292929e-08,1.13259330065e-07,-9999,25748.35,0.0263025632434,1.89745,-9999,-9999,-9999,-9999
69-72-7,3.50074292929e-07,1.13259330065e-06,3.50074292929e-06,-9999,0.0053674,0.0276,2.15,3.0,13.3,-9999,-9999
70-55-3,3.50074292929e-08,1.13259330065e-07,3.50074292929e-07,-9999,0.00800224,0.0190398317954,0.884175,10.1,-9999,-9999,-9999
76-03-9,1.13259330065e-07,3.50074292929e-07,3.50074292929e-07,-9999,22.056,0.967011445009,1.445,0.6,-9999,-9999,-9999
77-93-0,3.50074292929e-07,1.13259330065e-06,3.50074292929e-06,-9999,0.01470515,0.102,0.91,9.92,-9999,-9999,-9999
78-51-3,1.13259330065e-07,3.50074292929e-07,1.13259330065e-06,-9999,0.0002841195,6.13456133307e-06,3.54925,-9999,-9999,-9999,-9999
80-05-7,3.50074292929e-08,1.13259330065e-07,1.13259330065e-06,-9999,2.003455e-05,0.000757,3.635,9.7,10.47,-9999,-9999
80-09-1,1.13259330065e-07,3.50074292929e-07,1.13259330065e-06,-9999,4.07588e-08,0.00791145562792,1.805,7.7,8.47,-9999,-9999
81-07-2,3.50074292929e-07,1.13259330065e-06,1.13259330065e-06,-9999,4.181495e-05,0.00682515421147,0.66854,1.7,-9999,14.4,-9999
81-25-4,1.13259330065e-07,3.50074292929e-07,1.13259330065e-06,-9999,1.287678e-12,0.00031,2.51,4.89,15.48,-9999,-9999
90-43-7,3.50074292929e-08,3.50074292929e-08,3.50074292929e-07,-9999,0.05047995,0.00148346160625,3.14,10.02,-9999,-9999,-9999
91-20-3,3.50074292929e-08,1.13259330065e-07,1.13259330065e-06,-9999,8.35466,0.000708714987907,3.3025,-9999,-9999,-9999,-9999
94-13-3,3.50074292929e-07,1.13259330065e-06,3.50074292929e-06,-9999,0.04660705,0.00294,2.9,8.5,-9999,-9999,-9999
95-14-7,1.13259330065e-07,3.50074292929e-07,1.13259330065e-06,-9999,3.97328959,0.05,1.39,8.5,-9999,12.4,-9999
95-16-9,1.13259330065e-07,3.50074292929e-07,1.13259330065e-06,-9999,15.996,0.0102078556106,2.11,-9999,-9999,11.6,-9999
100-02-7,1.13259330065e-07,3.50074292929e-07,1.13259330065e-06,-9999,0.091086,0.054,1.725,7.2,-9999,-9999,-9999
100-97-0,1.13259330065e-07,3.50074292929e-07,1.13259330065e-06,-9999,2.2784,7.13,-0.32506,-9999,-9999,9.1,14.02
108-78-1,1.13259330065e-07,1.13259330065e-07,1.13259330065e-07,-9999,0.000140776845,7.22270673115,-1.1642,-9999,-9999,8.7,-9999
109-89-7,3.50074292929e-07,1.13259330065e-06,1.13259330065e-05,-9999,31540.9,5.7150669948,0.665,-9999,-9999,3.1,-9999
112-02-7,1.13259330065e-07,3.50074292929e-07,1.13259330065e-06,-9999,0.008095018662,9.33254304553e-07,2.8,-9999,-9999,-9999,-9999
115-86-6,3.50074292929e-08,1.13259330065e-07,3.50074292929e-07,-9999,0.0006140588,3.8904514389e-06,4.16635,-9999,-9999,-9999,-9999
115-96-8,3.50074292929e-08,1.13259330065e-07,3.50074292929e-07,-9999,0.066497,0.00308,1.535,-9999,-9999,-9999,-9999
120-18-3,3.50074292929e-08,3.50074292929e-07,1.13259330065e-06,-9999,5.212541e-05,0.0128217441414,0.715,0.7,-9999,-9999,-9999
120-40-1,3.50074292929e-07,1.13259330065e-06,1.13259330065e-06,-9999,8.97109e-07,0.000174,3.94,14.52,15.36,15.02,-9999
120-47-8,3.50074292929e-07,1.13259330065e-06,3.50074292929e-06,-9999,0.072171785,0.00962811409315,2.51,8.5,-9999,-9999,-9999
123-91-1,1.13259330065e-07,3.50074292929e-07,1.13259330065e-06,-9999,5194.9795,2.43,-0.28,-9999,-9999,-9999,-9999
124-40-3,1.13259330065e-07,3.50074292929e-07,3.50074292929e-06,-9999,203326.662,22.1798340948,-0.255,-9999,-9999,3.3,-9999
126-71-6,1.13259330065e-07,3.50074292929e-07,3.50074292929e-07,-9999,1.70624,0.00117952087714,3.69,-9999,-9999,-9999,-9999
126-73-8,1.13259330065e-07,3.50074292929e-07,1.13259330065e-06,-9999,0.30709,0.00379843796936,3.78,-9999,-9999,-9999,-9999
127-18-4,3.50074292929e-08,1.13259330065e-07,3.50074292929e-07,-9999,2419.37,0.00274781402641,3.135,-9999,-9999,-9999,-9999
129-00-0,3.50074292929e-09,1.13259330065e-08,1.13259330065e-07,-9999,4.58552e-05,2.57039602492e-07,4.9,-9999,-9999,-9999,-9999
131-57-7,1.13259330065e-07,3.50074292929e-07,1.13259330065e-06,-9999,0.000456523,0.000562341323111,3.715,9.73,-9999,-9999,-9999
139-13-9,1.13259330065e-07,3.50074292929e-07,1.13259330065e-06,-9999,6.927214e-06,0.199330333787,-1.6784,1.2,2.2,4.86,-9999
143-24-8,1.13259330065e-07,1.13259330065e-06,1.13259330065e-06,-9999,1.333,0.994241497211,-0.1900365,-9999,-9999,-9999,-9999
144-83-2,1.13259330065e-07,1.13259330065e-06,1.13259330065e-06,-9999,3.18631e-06,0.0101087087328,0.5,8.78,-9999,10.95,12.73
288-13-1,3.50074292929e-08,1.13259330065e-07,3.50074292929e-07,-9999,32.7918,1.31754821463,0.29296,-9999,-9999,11.5,-9999
330-54-1,3.50074292929e-08,1.13259330065e-07,3.50074292929e-07,-9999,0.000619845,0.000272453882454,2.74,13.76,-9999,15.63,-9999
637-92-3,1.13259330065e-07,3.50074292929e-07,3.50074292929e-07,-9999,17969.5065,0.0446271285966,1.8,-9999,-9999,-9999,-9999
791-28-6,3.50074292929e-09,1.13259330065e-08,1.13259330065e-07,-9999,3.75906e-05,1.86208713572e-05,3.27,-9999,-9999,-9999,-9999
1634-04-4,1.13259330065e-07,3.50074292929e-07,3.50074292929e-07,-9999,33541.6125,0.225,1.365,-9999,-9999,-9999,-9999
1912-24-9,1.13259330065e-07,1.13259330065e-07,1.13259330065e-07,-9999,0.0028141,0.000151356124994,2.645,-9999,-9999,12.3,-9999
3380-34-5,1.13259330065e-08,3.50074292929e-08,1.13259330065e-06,-9999,0.000619845,1.23026877223e-05,5.01175,8.8,-9999,-9999,-9999
4065-45-6,1.13259330065e-07,3.50074292929e-07,1.13259330065e-06,-9999,1.50311e-09,0.0658,0.88,0.88,8.69,-9999,-9999
13674-84-5,3.50074292929e-08,1.13259330065e-07,1.13259330065e-07,-9999,0.01247206,0.000158,2.61,-9999,-9999,-9999,-9999
13674-87-8,1.13259330065e-08,3.50074292929e-08,1.13259330065e-07,-9999,4.31619e-05,4.40834513007e-06,3.59005,-9999,-9999,-9999,-9999
15307-79-6,1.13259330065e-08,3.50074292929e-08,1.13259330065e-07,-9999,4.17229e-12,0.00383813226881,4.27,4.35,-9999,-9999,-9999
15307-86-5,1.13259330065e-07,1.13259330065e-07,1.13259330065e-06,-9999,7.27231e-06,5.52827958805e-05,4.2842,4.35,-9999,-9999,-9999
27503-81-7,3.50074292929e-08,3.50074292929e-08,3.50074292929e-07,-9999,2.50500487878e-07,0.00422894640904,0.54,-0.41,10.5,9.03,-9999
55589-62-3,1.13259330065e-06,3.50074292929e-06,1.13259330065e-05,-9999,5.82521e-09,2.98440369708,-0.63,8.22,-9999,-9999,-9999
66108-95-0,1.13259330065e-07,3.50074292929e-07,3.50074292929e-07,-9999,4.44000002706e-19,0.00013,-3.04,11.81,12.62,-9999,-9999
