60111-54-8	-6.3231	432.89	2
118-82-1	-5.4613	424.67	2
79538-32-2	-4.6172	418.74	2
102851-06-9	-4.6022	502.92	2
70124-77-5	-4.2650	451.47	2
66841-25-6	-4.0938	665.04	2
51-21-8	-4.0621	130.08	2
3234-85-3	-3.9599	424.75	2
67375-30-8	-3.8985	416.31	2
86479-06-3	-3.8979	461.15	2
57-63-6	-3.8274	296.41	2
28434-01-7	-3.5921	338.45	2
13121-70-5	-3.4418	385.16	2
52918-63-5	-3.3812	505.22	2
91465-08-6	-3.3677	449.86	2
21542-96-1	-3.3631	353.68	2
101463-69-8	-3.1498	488.77	2
82657-04-3	-3.1490	422.87	2
52645-53-1	-3.1025	391.29	2
41859-67-0	-3.0922	361.83	2
141-63-9	-3.0867	384.85	2
10311-84-9	-3.0798	393.85	2
541-02-6	-3.0385	370.77	2
2642-71-9	-2.9577	345.38	2
134523-00-5	-2.9083	558.65	2
52315-07-8	-2.8845	416.31	2
3689-24-5	-2.8746	322.32	2
71751-41-2	-2.8634	873.09	2
5598-13-0	-2.8513	322.54	2
122-62-3	-2.8433	426.68	2
70356-09-1	-2.8362	310.39	2
52-68-6	-2.7029	257.44	2
41083-11-8	-2.7003	436.21	2
39515-41-8	-2.6211	349.43	2
134701-20-5	-2.5861	346.6	2
142-90-5	-2.4820	254.41	2
7396-58-9	-2.4278	311.6	2
56-38-2	-2.3838	291.26	2
50-28-2	-2.3809	272.39	2
108-98-5	-2.3756	110.18	2
60168-88-9	-2.2894	331.2	2
950-37-8	-2.2435	302.33	2
220727-26-4	-2.2025	365.63	2
122453-73-0	-2.1710	407.63	2
41620-33-1	-2.1641	382.54	2
947753-66-4	-2.1386	391.51	2
333-41-5	-2.1086	304.35	2
2921-88-2	-2.0474	350.59	2
7786-34-7	-1.9876	224.15	2
35367-38-5	-1.9773	310.69	2
111-88-6	-1.9679	146.3	2
298-02-2	-1.9626	260.38	2
53-16-7	-1.9245	270.37	2
89604-91-1	-1.9221	351.43	2
76-87-9	-1.9154	367.01	2
3687-22-7	-1.9101	296.32	2
120-12-7	-1.8842	178.23	2
22224-92-6	-1.8695	303.36	2
3741-80-8	-1.8591	403.61	2
66230-04-4	-1.8448	419.91	2
13071-79-9	-1.8174	288.43	2
54-31-9	-1.7447	330.75	2
2310-17-0	-1.7343	367.81	2
82560-54-1	-1.7287	410.54	2
40601-76-1	-1.7252	699.94	2
13593-03-8	-1.7221	298.3	2
83905-01-5	-1.7177	749	2
668-34-8	-1.6596	350.01	2
58-22-0	-1.6369	288.43	2
118-60-5	-1.6345	250.34	2
41198-08-7	-1.6252	373.64	2
99105-77-8	-1.6165	328.77	2
886-50-0	-1.6055	241.37	2
2162-74-5	-1.6044	362.56	2
563-12-2	-1.6003	384.48	2
732-26-3	-1.5969	262.44	2
86-50-0	-1.5647	317.33	2
23593-75-1	-1.5587	344.85	2
470-90-6	-1.5414	359.57	2
6422-86-2	-1.5405	390.56	2
58670-89-6	-1.5250	354.66	2
10453-86-8	-1.5219	338.45	2
130755-46-3	-1.5211	704.3	2
540-97-6	-1.5209	444.93	2
23560-59-0	-1.5178	250.62	2
59447-55-1	-1.5057	556.7	2
29232-93-7	-1.4934	305.34	2
113158-40-0	-1.4872	333.73	2
30560-19-1	-1.4701	183.17	2
120068-37-3	-1.4647	437.15	2
3179-47-3	-1.4585	226.36	2
29964-84-9	-1.4585	226.36	2
96489-71-3	-1.4477	364.94	2
1897-45-6	-1.4377	265.92	2
55-38-9	-1.4353	278.33	2
56358-17-9	-1.4233	255.41	2
94125-34-5	-1.4213	419.39	2
55-56-1	-1.4131	505.47	2
300-76-5	-1.4072	380.8	2
2032-65-7	-1.3925	225.31	2
51630-58-1	-1.3923	419.91	2
622-58-2	-1.3809	133.15	2
944-22-9	-1.3630	246.33	2
3069-40-7	-1.3535	234.41	2
164578-11-4	-1.3268	696.9	2
1861-40-1	-1.3183	335.29	2
66063-15-8	-1.3090	209.72	2
25307-17-9	-1.2983	355.61	2
141-62-8	-1.2864	310.69	2
17928-28-8	-1.2864	310.69	2
114-07-8	-1.2833	733.94	2
2425-77-6	-1.2791	242.45	2
5333-42-6	-1.2791	298.56	2
1067-33-0	-1.2598	351.01	2
67564-91-4	-1.2579	303.49	2
31335-74-7	-1.2567	356.55	2
68855-18-5	-1.2567	216.32	2
112-75-4	-1.2535	241.46	2
112-18-5	-1.2412	213.41	2
10233-13-3	-1.2325	242.4	2
22781-23-3	-1.2318	223.23	2
31775-89-0	-1.2276	544.77	2
156052-68-5	-1.2185	336.65	2
103055-07-8	-1.2076	511.15	2
134098-61-6	-1.2058	421.5	2
25812-30-0	-1.2049	250.34	2
129-00-0	-1.2014	202.26	2
95465-99-9	-1.1900	270.39	2
24934-91-6	-1.1745	234.7	2
1420-07-1	-1.1592	240.22	2
1120-24-7	-1.1349	185.36	2
13457-18-6	-1.1295	373.37	2
18691-97-9	-1.1146	221.29	2
3913-02-8	-1.1135	186.34	2
88150-42-9	-1.1130	408.88	2
134605-64-4	-1.1098	474.82	2
14442-94-5	-1.1056	529.89	2
130841-23-5	-1.1046	358.02	2
521-18-6	-1.0992	290.45	2
2996-92-1	-1.0915	198.29	2
112-69-6	-1.0907	269.52	2
124-28-7	-1.0907	297.57	2
6197-30-4	-1.0686	361.49	2
74223-64-6	-1.0684	381.37	2
115-29-7	-1.0664	406.93	2
119446-68-3	-1.0572	406.27	2
106-51-4	-1.0533	108.1	2
1085-98-9	-1.0520	333.23	2
71617-10-2	-1.0500	248.32	2
154279-60-4	-1.0498	322.58	2
7287-19-6	-1.0350	241.37	2
72956-09-3	-1.0066	406.48	2
100-83-4	-1.0000	122.12	2
2135-17-3	-1.0000	410.46	2
3748-13-8	-1.0000	158.24	2
10238-21-8	-1.0000	494.01	2
59277-89-3	-1.0000	225.21	2
131538-00-6	-0.9681	260.52	2
2164-08-1	-0.9674	234.3	2
139189-30-3	-0.9537	686.68	2
3081-14-9	-0.9535	304.52	2
79277-27-3	-0.9534	387.4	2
24017-47-8	-0.9506	313.32	2
93957-50-7	-0.9059	307.37	2
106-47-8	-0.8949	127.58	2
6842-62-2	-0.8837	239.1	2
82097-50-5	-0.8772	401.83	2
62-73-7	-0.8652	220.98	2
111-82-0	-0.8519	214.35	2
112-02-7	-0.8461	320.01	2
94-36-0	-0.8356	242.23	2
79-74-3	-0.8240	250.38	2
139528-85-1	-0.8157	419.27	2
25311-71-1	-0.8096	345.4	2
116-75-6	-0.8095	474.61	2
122931-48-0	-0.8050	431.45	2
143-28-2	-0.8028	268.49	2
43057-68-7	-0.7995	212.3	2
64902-72-3	-0.7973	357.78	2
7173-62-8	-0.7969	324.6	2
112-55-0	-0.7763	202.4	2
4073-98-7	-0.7730	254.38	2
94-81-5	-0.7700	228.68	2
723-46-6	-0.7623	253.28	2
3347-22-6	-0.7547	296.33	2
79617-96-2	-0.7529	306.24	2
3081-01-4	-0.7413	282.43	2
732-11-6	-0.7393	317.32	2
555-37-3	-0.7354	275.18	2
145783-14-8	-0.7347	268.13	2
101200-48-0	-0.7284	395.4	2
121-75-5	-0.7272	330.36	2
103-23-1	-0.7260	370.57	2
114772-54-2	-0.7165	272.15	2
145701-23-1	-0.7106	360.3	2
2372-82-9	-0.7094	299.55	2
281-23-2	-0.7005	136.24	2
124-30-1	-0.6931	269.52	2
2943-75-1	-0.6920	276.49	2
731-27-1	-0.6733	347.26	2
40487-42-1	-0.6719	281.32	2
123-31-9	-0.6690	110.11	2
81103-11-9	-0.6672	747.97	2
79241-46-6	-0.6592	383.37	2
83121-18-0	-0.6512	381.11	2
298-04-4	-0.6489	274.4	2
50594-66-6	-0.6440	361.66	2
56677-60-2	-0.6409	276.85	2
133-07-3	-0.6398	296.56	2
15687-27-1	-0.6387	206.29	2
112-41-4	-0.6248	168.32	2
872-05-9	-0.6248	140.27	2
101238-01-1	-0.6137	339.57	2
141517-21-7	-0.6097	408.38	2
138261-41-3	-0.6048	255.67	2
112-88-9	-0.5962	252.49	2
629-73-2	-0.5962	224.43	2
1120-36-1	-0.5962	196.38	2
301-12-2	-0.5902	246.28	2
69-53-4	-0.5877	349.41	2
314-40-9	-0.5783	261.13	2
96-69-5	-0.5779	358.54	2
119168-77-3	-0.5634	333.87	2
1962-75-0	-0.5616	278.35	2
2554-06-5	-0.5614	344.66	2
139122-17-1	-0.5500	315.76	2
15307-86-5	-0.5438	296.15	2
123-30-8	-0.5433	109.13	2
834-12-8	-0.5368	227.34	2
137-26-8	-0.5274	240.43	2
131807-57-3	-0.5244	374.4	2
95-38-5	-0.5009	350.59	2
19666-30-9	-0.4994	345.23	2
26272-90-2	-0.4917	304.9	2
786-19-6	-0.4855	342.87	2
15972-60-8	-0.4835	269.77	2
120928-09-8	-0.4747	306.41	2
112-29-8	-0.4740	221.19	2
111479-05-1	-0.4731	443.89	2
4979-32-2	-0.4674	346.56	2
175013-18-0	-0.4673	387.83	2
5466-77-3	-0.4445	290.4	2
58-08-2	-0.4444	194.2	2
1582-09-8	-0.4339	335.29	2
112-54-9	-0.4311	184.32	2
58-89-9	-0.4271	290.83	2
110-42-9	-0.4207	186.29	2
21087-64-9	-0.4162	214.29	2
613-62-7	-0.4162	234.3	2
16634-82-5	-0.4110	183.64	2
330-54-1	-0.4103	233.1	2
131983-72-7	-0.4087	317.82	2
640-15-3	-0.4083	246.35	2
111988-49-9	-0.4072	252.73	2
18600-59-4	-0.4049	368.35	2
62889-66-1	-0.4036	315.54	2
58138-08-2	-0.4027	320.43	2
13194-48-4	-0.3992	242.34	2
118134-30-8	-0.3873	297.48	2
2312-35-8	-0.3786	350.48	2
142459-58-3	-0.3701	363.34	2
78587-05-0	-0.3621	352.89	2
298-00-0	-0.3527	263.21	2
2439-35-2	-0.3481	143.19	2
2764-72-9	-0.3469	184.24	2
169685-34-1	-0.3313	576.74	2
2243-62-1	-0.3274	158.21	2
87674-68-8	-0.3254	275.8	2
294-90-6	-0.3194	172.28	2
95-31-8	-0.3161	238.38	2
84852-53-9	-0.3158	971.29	2
13171-21-6	-0.3153	299.69	2
78439-06-2	-0.3048	546.59	2
621-29-4	-0.3026	133.15	2
42576-02-3	-0.2925	342.13	2
128-37-0	-0.2818	220.36	2
84-65-1	-0.2790	208.22	2
23103-98-2	-0.2780	238.29	2
59719-67-4	-0.2724	486.66	2
148-79-8	-0.2663	201.25	2
5915-41-3	-0.2610	229.72	2
13122-18-4	-0.2609	230.35	2
116-06-3	-0.2600	190.27	2
77501-63-4	-0.2567	461.78	2
85721-33-1	-0.2560	331.35	2
87392-12-9	-0.2527	283.8	2
88-85-7	-0.2375	240.22	2
7575-23-7	-0.2333	488.66	2
1563-66-2	-0.2330	221.26	2
1241-94-7	-0.2287	362.41	2
55283-68-6	-0.2281	333.27	2
688-84-6	-0.2264	198.31	2
2303-17-5	-0.2176	304.67	2
7785-26-4	-0.2074	136.24	2
127-47-9	-0.2063	328.5	2
81-33-4	-0.2060	390.36	2
128-69-8	-0.2060	392.32	2
4948-15-6	-0.2060	598.66	2
5521-31-3	-0.2060	418.41	2
67075-37-0	-0.2060	598.66	2
83524-75-8	-0.2060	630.66	2
2867-47-2	-0.2030	157.21	2
78-63-7	-0.2029	290.44	2
33089-61-1	-0.1992	293.42	2
83-32-9	-0.1991	154.21	2
294-62-2	-0.1931	168.32	2
74070-46-5	-0.1919	264.67	2
1073-69-4	-0.1876	142.59	2
57018-04-9	-0.1863	301.13	2
106-20-7	-0.1849	241.46	2
119851-28-4	-0.1835	281.14	2
21725-46-2	-0.1830	240.7	2
10552-74-6	-0.1823	295.29	2
97-00-7	-0.1772	202.56	2
59467-70-8	-0.1767	325.78	2
1948-33-0	-0.1707	166.22	2
1746-81-2	-0.1686	214.65	2
24293-43-4	-0.1683	374.58	2
123-68-2	-0.1655	156.22	2
112-72-1	-0.1653	214.39	2
112-67-4	-0.1623	274.88	2
98-29-3	-0.1548	166.22	2
112-76-5	-0.1546	302.93	2
39515-51-0	-0.1483	198.22	2
124-07-2	-0.1431	144.21	2
161462-35-7	-0.1417	302.31	2
118-79-6	-0.1389	330.82	2
112-40-3	-0.1375	170.34	2
629-59-4	-0.1375	198.39	2
26523-78-4	-0.1366	689.02	2
13181-17-4	-0.1302	461.04	2
113136-77-9	-0.1252	274.1	2
38888-98-1	-0.1069	182.27	2
629-50-5	-0.1015	184.37	2
76-03-9	-0.0918	163.39	2
96-96-8	-0.0908	168.15	2
479-27-6	-0.0862	158.21	2
33629-47-9	-0.0853	295.34	2
119462-56-5	-0.0831	324.34	2
34256-82-1	-0.0793	269.77	2
13360-45-7	-0.0779	293.56	2
709-98-8	-0.0758	218.08	2
1113-02-6	-0.0741	213.19	2
10254-57-6	-0.0604	422.79	2
87333-22-0	-0.0604	179.6	2
111-86-4	-0.0603	129.25	2
936-49-2	-0.0598	146.19	2
63-25-2	-0.0578	201.23	2
54-11-5	-0.0566	162.24	2
38083-17-9	-0.0551	292.77	2
101-20-2	-0.0450	315.59	2
1530-32-1	-0.0442	371.26	2
167004-78-6	-0.0396	261.26	2
91-57-6	-0.0384	142.2	2
6923-22-4	-0.0358	223.17	2
1120-21-4	-0.0340	156.31	2
50-24-8	-0.0339	360.45	2
106-50-3	-0.0338	108.15	2
2935-90-2	-0.0323	120.17	2
330-55-2	-0.0313	249.1	2
10265-92-6	-0.0266	141.13	2
14214-32-5	-0.0223	286.33	2
165184-98-5	-0.0189	216.32	2
33820-53-0	-0.0141	309.37	2
41483-43-6	-0.0086	316.43	2
26218-04-2	0.0006	249.35	2
80-46-6	0.0009	164.25	2
6731-36-8	0.0014	302.45	2
98967-40-9	0.0049	325.3	2
5902-51-2	0.0058	216.67	2
2593-15-9	0.0125	247.53	2
112-53-8	0.0134	186.34	2
4685-14-7	0.0163	186.26	2
93413-69-5	0.0166	277.41	2
78-97-7	0.0182	71.08	2
149961-52-4	0.0183	326.4	2
81-19-6	0.0221	229.92	2
60-54-8	0.0260	444.44	2
1975-78-6	0.0272	153.27	2
1014-69-3	0.0344	213.31	2
95617-09-7	0.0367	333.73	2
3547-33-9	0.0421	190.35	2
54910-89-3	0.0426	309.33	2
55285-14-8	0.0434	380.55	2
3173-72-6	0.0437	210.19	2
146421-65-0	0.0448	400.52	2
29122-68-7	0.0480	266.34	2
16752-77-5	0.0481	162.21	2
51218-45-2	0.0489	283.8	2
108-42-9	0.0578	127.58	2
84-69-5	0.0589	278.35	2
124-26-5	0.0645	283.5	2
3061-75-4	0.0645	339.61	2
108-44-1	0.0654	107.16	2
105-75-9	0.0674	228.29	2
80-56-8	0.0685	136.24	2
125971-96-2	0.0699	417.48	2
1570-64-5	0.0741	142.59	2
34014-18-1	0.0742	228.32	2
778-94-9	0.0750	216.12	2
55512-33-9	0.0793	378.92	2
636-30-6	0.0834	196.47	2
28553-12-0	0.0873	418.62	2
51276-47-2	0.0908	181.13	2
7659-86-1	0.0928	204.33	2
102-77-2	0.0948	252.36	2
29973-13-5	0.1007	225.31	2
96-76-4	0.1023	206.33	2
24279-39-8	0.1114	230.02	2
583-78-8	0.1183	163	2
7651-02-7	0.1191	368.65	2
110-41-8	0.1294	184.32	2
1918-16-7	0.1311	211.69	2
95-51-2	0.1313	127.58	2
28249-77-6	0.1358	257.78	2
80-43-3	0.1447	270.37	2
133-06-2	0.1505	300.59	2
2439-01-2	0.1520	234.3	2
79983-71-4	0.1550	314.22	2
68-35-9	0.1560	250.28	2
25601-41-6	0.1697	184.28	2
15299-99-7	0.1711	271.36	2
497-18-7	0.1734	90.09	2
101-96-2	0.1738	220.36	2
111-64-8	0.1774	162.66	2
122-39-4	0.1780	169.23	2
70458-96-7	0.1782	319.34	2
1860-26-0	0.1789	353.68	2
89-72-5	0.1792	150.22	2
88-18-6	0.1801	150.22	2
19044-88-3	0.1863	346.37	2
2540-82-1	0.1920	257.27	2
83164-33-4	0.1949	394.3	2
97-77-8	0.1952	296.54	2
5989-27-5	0.1963	136.24	2
60658-04-0	0.1988	282.34	2
1315251-11-6	0.2005	242.37	2
112-92-5	0.2050	270.5	2
618-62-2	0.2061	192	2
141776-32-1	0.2095	470.49	2
112281-77-3	0.2156	372.15	2
79-94-7	0.2157	543.9	2
120298-38-6	0.2169	338.43	2
2705-87-5	0.2176	196.29	2
27314-13-2	0.2223	303.67	2
586-62-9	0.2251	136.24	2
86-73-7	0.2270	166.22	2
3380-34-5	0.2329	289.55	2
95962-14-4	0.2338	220.36	2
627-83-8	0.2359	595.01	2
2162-73-4	0.2384	286.38	2
919-86-8	0.2393	230.29	2
3049-71-6	0.2416	750.78	2
626-43-7	0.2423	162.02	2
102-06-7	0.2436	211.27	2
7305-71-7	0.2454	114.17	2
2146-71-6	0.2470	226.36	2
28479-22-3	0.2487	167.6	2
142-19-8	0.2488	170.25	2
120-83-2	0.2564	163	2
18181-80-1	0.2612	428.13	2
116-29-0	0.2693	356.05	2
138564-59-7	0.2696	245.26	2
125116-23-6	0.2709	319.84	2
90-43-7	0.2717	170.21	2
131860-33-8	0.2747	403.4	2
122-14-5	0.2783	277.24	2
103-90-2	0.2819	151.17	2
3320-83-0	0.2838	153.57	2
1506-02-1	0.2845	258.4	2
27955-94-8	0.2909	306.36	2
20830-75-5	0.2918	780.95	2
111-81-9	0.2927	198.31	2
65-45-2	0.2972	137.14	2
42874-03-3	0.2980	361.7	2
61213-25-0	0.2994	312.12	2
62-56-6	0.3024	76.123	2
35435-21-3	0.3024	276.49	2
101-02-0	0.3044	310.29	2
106-49-0	0.3067	107.16	2
6485-67-2	0.3070	150.18	2
50563-36-5	0.3115	255.75	2
84434-11-7	0.3154	316.34	2
15545-48-9	0.3278	212.68	2
7473-98-5	0.3279	164.2	2
298-46-4	0.3292	236.28	2
122-34-9	0.3309	201.67	2
111-85-3	0.3338	148.68	2
1918-00-9	0.3364	221.04	2
1912-24-9	0.3391	215.69	2
174489-76-0	0.3394	327.72	2
102985-93-3	0.3485	284.44	2
2362-14-3	0.3502	296.41	2
98-54-4	0.3538	150.22	2
95-54-5	0.3602	108.15	2
95-82-9	0.3613	162.02	2
939-97-9	0.3631	162.23	2
927-07-1	0.3637	174.24	2
125971-57-5	0.3671	293.37	2
100986-85-4	0.3743	361.38	2
61869-08-7	0.3748	329.37	2
3209-22-1	0.3805	192	2
611-19-8	0.3831	161.03	2
67-20-9	0.3879	238.16	2
88374-05-4	0.3886	232.23	2
88-27-7	0.3890	263.43	2
78605-96-6	0.3900	202.3	2
139-40-2	0.3913	229.72	2
61826-76-4	0.3913	225.25	2
52829-07-9	0.3914	480.74	2
17804-35-2	0.4030	290.33	2
79622-59-6	0.4036	465.1	2
115-32-2	0.4067	370.49	2
110-25-8	0.4081	353.55	2
50-02-2	0.4090	392.47	2
525-66-6	0.4104	259.35	2
49866-87-7	0.4110	249.34	2
121552-61-2	0.4134	225.3	2
100646-51-3	0.4134	372.81	2
3290-92-4	0.4141	338.4	2
105-67-9	0.4144	122.17	2
103-71-9	0.4145	119.12	2
4904-61-4	0.4146	162.28	2
63284-71-9	0.4181	314.75	2
99817-36-4	0.4197	236.06	2
74738-17-3	0.4205	237.09	2
17796-82-6	0.4225	261.34	2
556-67-2	0.4235	296.62	2
118-75-2	0.4286	245.88	2
174489-43-1	0.4317	297.74	2
6992-11-6	0.4329	492.33	2
12225-08-0	0.4329	576.59	2
31778-10-6	0.4329	523.55	2
51920-12-8	0.4329	560.6	2
6318-09-8	0.4379	234.39	2
99-30-9	0.4411	207.02	2
760-67-8	0.4432	162.66	2
90-30-2	0.4480	219.29	2
628-96-6	0.4489	152.06	2
94361-06-5	0.4551	291.79	2
59-50-7	0.4569	142.59	2
112-45-8	0.4575	168.28	2
131341-86-1	0.4584	248.19	2
14064-10-9	0.4597	194.61	2
5989-54-8	0.4609	136.24	2
24468-13-1	0.4612	192.69	2
66246-88-6	0.4628	284.19	2
624-03-3	0.4646	538.9	2
60-09-3	0.4705	197.24	2
841-06-5	0.4708	271.39	2
576-26-1	0.4717	122.17	2
2275-23-2	0.4744	287.34	2
72490-01-8	0.4753	301.34	2
99-54-7	0.4768	192	2
67129-08-2	0.4813	277.76	2
941-69-5	0.4894	173.17	2
59-92-7	0.4902	197.19	2
24085-06-1	0.4931	250.25	2
81-81-2	0.4937	308.33	2
22204-53-1	0.4950	230.26	2
120-51-4	0.4956	212.25	2
12236-62-3	0.5010	416.79	2
29920-31-8	0.5010	453.42	2
31837-42-0	0.5010	381.35	2
35636-63-6	0.5010	453.42	2
52846-56-7	0.5010	382.34	2
68134-22-5	0.5010	405.34	2
74441-05-7	0.5010	499.49	2
77804-81-0	0.5010	732.72	2
82199-12-0	0.5010	367.37	2
60207-90-1	0.5055	342.23	2
128-39-2	0.5075	206.33	2
91-17-8	0.5097	138.25	2
101-54-2	0.5175	184.24	2
101-84-8	0.5181	170.21	2
90498-90-1	0.5199	740.98	2
136239-66-2	0.5221	186.2	2
95-63-6	0.5296	120.19	2
583-39-1	0.5315	150.21	2
142-16-5	0.5331	340.5	2
13311-84-7	0.5332	276.22	2
102-09-0	0.5343	214.22	2
7785-70-8	0.5343	136.24	2
133467-41-1	0.5392	339.5	2
5292-45-5	0.5402	239.18	2
6600-31-3	0.5417	320.43	2
82419-36-1	0.5443	361.38	2
84281-74-3	0.5466	346.41	2
103-49-1	0.5502	197.28	2
106-02-5	0.5516	240.39	2
2612-57-9	0.5520	188.01	2
99-75-2	0.5555	150.18	2
149-30-4	0.5563	167.25	2
101-05-3	0.5590	275.53	2
89-83-8	0.5615	150.22	2
90-12-0	0.5643	142.2	2
6259-76-3	0.5650	222.28	2
79-81-2	0.5703	524.87	2
7069-42-3	0.5703	342.52	2
123-04-6	0.5763	148.68	2
126-07-8	0.5797	352.77	2
614-45-9	0.5816	194.23	2
101-80-4	0.5847	200.24	2
95-80-7	0.5891	122.17	2
16415-12-6	0.5973	346.63	2
345-92-6	0.5980	218.2	2
21643-42-5	0.5997	268.44	2
553-86-6	0.6016	134.13	2
56-41-7	0.6031	89.095	2
103-83-3	0.6074	135.21	2
85509-19-9	0.6091	315.4	2
114-26-1	0.6098	209.25	2
2528-61-2	0.6100	148.63	2
109-77-3	0.6108	66.065	2
147-85-3	0.6136	115.13	2
81782-77-6	0.6156	170.3	2
25057-89-0	0.6181	240.28	2
120-55-8	0.6206	314.34	2
86-74-8	0.6268	167.21	2
144-83-2	0.6272	249.29	2
98-17-9	0.6276	162.11	2
103-50-4	0.6295	198.26	2
116255-48-2	0.6304	377.08	2
65405-77-8	0.6316	220.27	2
5888-33-5	0.6335	208.3	2
2156-97-0	0.6504	240.39	2
104-66-5	0.6529	214.26	2
101-77-9	0.6572	198.27	2
298-06-6	0.6574	186.23	2
84852-15-3	0.6575	220.36	2
104-75-6	0.6659	129.25	2
15827-60-8	0.6662	573.2	2
80-08-0	0.6752	248.31	2
599-61-1	0.6752	248.31	2
53112-28-0	0.6765	199.26	2
95-53-4	0.6767	107.16	2
1689-84-5	0.6802	276.93	2
34123-59-6	0.6816	206.29	2
91273-04-0	0.6849	322.55	2
29091-05-2	0.6850	322.25	2
53-86-1	0.6894	357.79	2
83657-24-3	0.6901	326.23	2
7534-94-3	0.6901	222.33	2
91-64-5	0.6924	146.15	2
111-11-5	0.6951	158.24	2
112-30-1	0.6970	158.29	2
15457-05-3	0.6987	328.2	2
123968-25-2	0.6991	548.85	2
62-53-3	0.6993	93.13	2
100-63-0	0.7017	108.15	2
591-27-5	0.7039	109.13	2
123-17-1	0.7050	186.34	2
68-26-8	0.7090	286.46	2
49562-28-9	0.7123	360.84	2
117-81-7	0.7190	390.56	2
104-55-2	0.7264	132.16	2
161326-34-7	0.7280	311.41	2
140923-17-7	0.7352	320.44	2
793-24-8	0.7387	268.41	2
16298-38-7	0.7394	310.49	2
115-86-6	0.7416	326.29	2
142-91-6	0.7418	298.51	2
9016-45-9	0.7447	440.62	2
10004-44-1	0.7464	99.09	2
26787-78-0	0.7483	365.41	2
112-42-5	0.7558	172.31	2
121-86-8	0.7585	171.58	2
89-48-5	0.7616	198.31	2
89-63-4	0.7629	172.57	2
133636-82-5	0.7644	218.34	2
2402-79-1	0.7653	216.88	2
700-13-0	0.7654	152.19	2
105-95-3	0.7660	270.37	2
232938-43-1	0.7663	460.53	2
98-51-1	0.7695	148.25	2
156-43-4	0.7703	137.18	2
91-97-4	0.7706	264.29	2
66423-13-0	0.7718	326.86	2
94-91-7	0.7728	282.35	2
101-14-4	0.7730	267.16	2
1134-94-7	0.7789	201.29	2
1134-23-2	0.7799	215.36	2
162208-27-7	0.7819	353.36	2
55179-31-2	0.7819	337.43	2
2380-86-1	0.7831	133.15	2
2403-89-6	0.7835	171.29	2
2643-07-4	0.7882	211.69	2
4559-86-8	0.7940	284.49	2
830-13-7	0.7940	182.31	2
6041-94-7	0.7956	436.3	2
98-82-8	0.7975	120.19	2
119313-12-1	0.7996	366.51	2
99-62-7	0.8003	162.28	2
100-18-5	0.8003	162.28	2
118135-28-7	0.8057	246.78	2
71048-82-3	0.8106	192.3	2
108-45-2	0.8149	108.15	2
98-83-9	0.8168	118.18	2
106461-41-0	0.8217	393.5	2
15625-89-5	0.8245	296.32	2
181587-01-9	0.8267	397.21	2
71626-11-4	0.8285	325.41	2
108-68-9	0.8295	122.17	2
101-72-4	0.8344	226.32	2
2778-42-9	0.8349	244.3	2
5124-30-1	0.8383	262.36	2
131-57-7	0.8386	228.25	2
82-68-8	0.8405	295.34	2
56962-04-0	0.8436	207.46	2
86960-46-5	0.8440	292.38	2
150-68-5	0.8482	198.66	2
112-16-3	0.8499	218.77	2
32388-55-9	0.8527	246.39	2
5208-93-5	0.8564	220.36	2
97-74-5	0.8571	208.37	2
56973-87-6	0.8590	194.32	2
107898-54-4	0.8598	222.37	2
62850-32-2	0.8615	253.37	2
104-90-5	0.8617	121.18	2
77-90-7	0.8633	402.48	2
80-05-7	0.8667	228.29	2
125-12-2	0.8680	196.29	2
3508-98-3	0.8690	173.26	2
599-64-4	0.8690	212.29	2
105827-91-6	0.8704	168.05	2
56-75-7	0.8748	323.13	2
91-66-7	0.8822	149.24	2
92-88-6	0.8839	186.21	2
105-05-5	0.8853	134.22	2
89-62-3	0.8873	152.16	2
153719-23-4	0.8885	291.72	2
100-69-6	0.8912	105.14	2
161050-58-4	0.8926	368.48	2
135-19-3	0.8945	144.17	2
26741-53-7	0.8959	604.71	2
7195-44-0	0.8975	278.26	2
140-66-9	0.9007	206.33	2
61597-98-6	0.9036	228.33	2
611-06-3	0.9050	192	2
14858-73-2	0.9063	286.46	2
42125-46-2	0.9087	218.72	2
34893-92-0	0.9087	188.01	2
6386-38-5	0.9093	292.42	2
116539-55-0	0.9097	171.26	2
67801-15-4	0.9119	206.33	2
108-80-5	0.9139	129.08	2
119-64-2	0.9143	132.21	2
224049-04-1	0.9157	298.15	2
92-69-3	0.9202	170.21	2
83-42-1	0.9221	171.58	2
506-30-9	0.9227	312.54	2
120578-03-2	0.9234	293.75	2
1709-70-2	0.9243	775.22	2
208465-21-8	0.9255	503.51	2
48145-04-6	0.9326	192.21	2
123-99-9	0.9327	188.22	2
95-74-9	0.9335	141.6	2
2512-29-0	0.9381	340.34	2
6486-23-3	0.9381	395.21	2
6528-34-3	0.9381	386.37	2
13515-40-7	0.9381	390.79	2
15993-42-7	0.9381	420.81	2
818-61-1	0.9407	116.12	2
2409-55-4	0.9467	164.25	2
554-00-7	0.9469	162.02	2
87-59-2	0.9472	121.18	2
23135-22-0	0.9486	219.27	2
31027-31-3	0.9505	161.21	2
112-38-9	0.9513	184.28	2
4292-10-8	0.9522	342.53	2
3060-89-7	0.9635	259.11	2
15307-79-6	0.9650	318.14	2
108-67-8	0.9674	120.19	2
12225-18-2	0.9707	591.04	2
10605-21-7	0.9722	191.19	2
932742-30-8	0.9725	703.15	2
2416-94-6	0.9758	136.19	2
37350-58-6	0.9783	267.37	2
107534-96-3	0.9805	307.83	2
55219-65-3	0.9814	295.77	2
95235-30-6	0.9845	292.35	2
608-25-3	0.9853	124.14	2
204918-22-9	0.9871	323.73	2
80-51-3	0.9873	358.4	2
25013-15-4	0.9883	118.18	2
6358-64-1	0.9884	187.63	2
120-40-1	0.9906	287.44	2
57966-95-7	0.9920	198.19	2
100-44-7	0.9944	126.59	2
40758-65-4	0.9990	193.04	2
13684-63-4	0.9997	300.32	2
99-88-7	1.0013	135.21	2
106-79-6	1.0062	230.3	2
80-07-9	1.0068	287.16	2
21743-27-1	1.0075	263.41	2
369634-22-0	1.0090	140.18	2
2163-00-0	1.0132	155.07	2
120-57-0	1.0156	150.13	2
28219-61-6	1.0180	208.35	2
34681-10-2	1.0221	190.27	2
13048-33-4	1.0240	226.27	2
114369-43-6	1.0258	336.83	2
18127-01-0	1.0306	190.29	2
58567-11-6	1.0307	242.4	2
18379-25-4	1.0315	247.67	2
88-75-5	1.0480	139.11	2
3069-29-2	1.0494	206.36	2
1746-23-2	1.0509	160.26	2
867-13-0	1.0509	224.19	2
13752-51-7	1.0549	248.37	2
112410-23-8	1.0565	352.48	2
100-61-8	1.0565	107.16	2
154702-15-5	1.0586	766.01	2
504-29-0	1.0587	94.119	2
57374-49-9	1.0637	268.35	2
84170-74-1	1.0678	328.4	2
147504-92-5	1.0691	378.47	2
100-64-1	1.0713	113.16	2
126-71-6	1.0727	266.32	2
103-11-7	1.0741	184.28	2
13361-34-7	1.0748	197.28	2
36734-19-7	1.0754	330.17	2
33704-61-9	1.0767	206.33	2
615-60-1	1.0774	140.61	2
2495-37-6	1.0787	176.22	2
103-95-7	1.0827	190.29	2
98730-04-2	1.0835	260.12	2
3115-49-9	1.0884	278.39	2
29761-21-5	1.0916	390.46	2
94-04-2	1.0919	170.25	2
109-13-7	1.0937	160.21	2
140-11-4	1.0955	150.18	2
111-75-1	1.0989	117.19	2
98-16-8	1.1034	161.13	2
88-60-8	1.1041	164.25	2
13674-87-8	1.1042	430.91	2
150-76-5	1.1072	124.14	2
135590-91-9	1.1094	373.24	2
52449-76-0	1.1120	206.16	2
59227-88-2	1.1128	225.38	2
3878-19-1	1.1156	184.2	2
77-09-8	1.1161	318.33	2
2461-15-6	1.1162	186.29	2
561-41-1	1.1171	375.52	2
66492-51-1	1.1206	200.23	2
69045-84-7	1.1260	215.99	2
131-56-6	1.1268	214.22	2
105-99-7	1.1271	258.36	2
51-52-5	1.1274	170.24	2
112-44-7	1.1275	170.3	2
118-58-1	1.1329	228.25	2
26761-45-5	1.1333	228.33	2
143390-89-0	1.1348	313.35	2
90-02-8	1.1356	122.12	2
95-33-0	1.1372	264.42	2
124-13-0	1.1377	128.22	2
14901-07-6	1.1416	192.3	2
58430-94-7	1.1426	186.29	2
85-41-6	1.1441	147.13	2
142-92-7	1.1450	144.21	2
947-19-3	1.1572	204.27	2
124-19-6	1.1573	142.24	2
624-54-4	1.1586	144.21	2
166524-65-8	1.1593	160.13	2
99607-70-2	1.1596	335.83	2
337906-36-2	1.1598	152.2	2
2797-51-5	1.1639	207.62	2
99-55-8	1.1674	152.16	2
54739-18-3	1.1733	318.34	2
141-17-3	1.1786	434.57	2
99-87-6	1.1791	134.22	2
35265-04-4	1.1793	117.19	2
70969-58-3	1.1804	284.4	2
13684-56-5	1.1810	300.32	2
112-31-2	1.1818	156.27	2
713-95-1	1.1838	198.31	2
4098-71-9	1.1874	222.29	2
4378-61-4	1.1918	464.12	2
104-88-1	1.1939	140.57	2
96-12-8	1.1942	236.35	2
6711-48-4	1.1946	187.33	2
105812-81-5	1.1948	223.29	2
69377-81-7	1.1973	255.03	2
78-42-2	1.1975	434.64	2
118-69-4	1.2066	161.03	2
111-92-2	1.2071	129.25	2
141-18-4	1.2100	346.46	2
104206-82-8	1.2106	339.32	2
12542-30-2	1.2119	204.27	2
439-14-5	1.2157	284.75	2
51167-18-1	1.2170	319.23	2
976-71-6	1.2185	340.46	2
93-04-9	1.2185	158.2	2
141-10-6	1.2233	192.3	2
2786-76-7	1.2259	454.49	2
5280-68-2	1.2259	611.06	2
6410-32-8	1.2259	440.46	2
6410-41-9	1.2259	627.12	2
6448-95-9	1.2259	426.44	2
59487-23-9	1.2259	654.08	2
61847-48-1	1.2259	643.49	2
67990-05-0	1.2259	581.03	2
68227-78-1	1.2259	565.03	2
10042-59-8	1.2283	158.29	2
12236-64-5	1.2312	501.94	2
76-22-2	1.2327	152.24	2
67747-09-5	1.2331	376.67	2
6843-66-9	1.2357	244.37	2
123-05-7	1.2366	128.22	2
64354-92-3	1.2399	211.35	2
37052-78-1	1.2455	180.23	2
123312-89-0	1.2469	217.24	2
393509-79-0	1.2552	341.79	2
120-46-7	1.2558	224.26	2
106-25-2	1.2568	154.25	2
36177-92-1	1.2603	212.38	2
56706-10-6	1.2636	474.83	2
80-10-4	1.2636	253.2	2
74338-72-0	1.2676	182.31	2
97-53-0	1.2679	164.2	2
54423-67-5	1.2682	184.28	2
1013-88-3	1.2689	181.24	2
16219-75-3	1.2689	120.19	2
51707-55-2	1.2709	220.26	2
4531-49-1	1.2710	689.56	2
5102-83-0	1.2710	685.62	2
5468-75-7	1.2710	657.56	2
5567-15-7	1.2710	818.5	2
6358-37-8	1.2710	657.56	2
6358-85-6	1.2710	629.51	2
22094-93-5	1.2710	754.51	2
31775-20-9	1.2710	717.62	2
68610-86-6	1.2710	687.59	2
90268-23-8	1.2710	659.54	2
90268-24-9	1.2710	752.06	2
4488-57-7	1.2738	134.22	2
103694-68-4	1.2788	178.28	2
102-82-9	1.2793	185.36	2
103-26-4	1.2817	162.19	2
163515-14-8	1.2848	275.8	2
100-01-6	1.2852	138.13	2
66068-84-6	1.2856	236.4	2
3855-32-1	1.2873	201.36	2
41340-36-7	1.2876	189.26	2
1194-65-6	1.2905	172.01	2
151900-44-6	1.2911	693.12	2
98-73-7	1.2923	178.23	2
89-98-5	1.2928	140.57	2
39807-15-3	1.2957	341.2	2
1364731-90-7	1.2959	278.33	2
101-39-3	1.3003	146.19	2
60-51-5	1.3010	229.26	2
75490-39-0	1.3054	187.29	2
106-24-1	1.3065	154.25	2
872-36-6	1.3080	86.046	2
152402-98-7	1.3098	300.34	2
1879-09-0	1.3140	178.28	2
544-01-4	1.3178	158.29	2
133-91-5	1.3202	389.91	2
712-50-5	1.3266	188.27	2
103-69-5	1.3272	121.18	2
106-21-8	1.3349	158.29	2
104040-78-0	1.3384	407.33	2
20298-69-5	1.3400	198.31	2
95-68-1	1.3400	121.18	2
65-85-0	1.3401	122.12	2
61260-55-7	1.3409	394.7	2
1698-60-8	1.3424	221.65	2
55-63-0	1.3489	227.09	2
62571-86-2	1.3518	217.29	2
101-42-8	1.3535	164.21	2
149850-30-6	1.3554	468.43	2
42200-33-9	1.3558	309.41	2
122-42-9	1.3573	179.22	2
3033-62-3	1.3624	160.26	2
66332-96-5	1.3634	323.32	2
104-61-0	1.3652	156.22	2
104-67-6	1.3652	184.28	2
706-14-9	1.3652	170.25	2
80-54-6	1.3662	204.31	2
2691-41-0	1.3696	296.16	2
101-43-9	1.3703	168.24	2
77-73-6	1.3709	132.21	2
256473-05-9	1.3733	251.27	2
96-18-4	1.3747	147.43	2
19444-21-4	1.3835	144.17	2
780-69-8	1.3842	240.38	2
19937-59-8	1.3866	228.68	2
92952-81-3	1.3889	212.21	2
75980-60-8	1.3892	348.38	2
85-68-7	1.3906	312.37	2
3031-66-1	1.3928	114.14	2
63562-34-5	1.3936	434.38	2
4719-04-4	1.3962	219.29	2
80-33-1	1.3975	303.16	2
106-22-9	1.3979	156.27	2
76855-69-1	1.3985	287.43	2
2210-79-9	1.3999	164.2	2
95266-40-3	1.4018	252.27	2
101-21-3	1.4019	213.66	2
102-36-3	1.4053	188.01	2
2752-17-2	1.4053	104.16	2
43121-43-3	1.4055	293.76	2
1702-17-6	1.4062	192	2
83926-73-2	1.4082	170.3	2
2164-17-2	1.4086	232.21	2
97-90-5	1.4100	198.22	2
93-65-2	1.4137	214.65	2
50471-44-8	1.4161	286.12	2
108-69-0	1.4167	121.18	2
6938-94-9	1.4211	230.3	2
7747-35-5	1.4236	143.19	2
52888-80-9	1.4266	251.39	2
106-91-2	1.4344	142.15	2
111991-09-4	1.4349	410.42	2
120-82-1	1.4350	181.45	2
143-07-7	1.4361	200.32	2
462-94-2	1.4397	102.18	2
2942-59-8	1.4414	157.56	2
372-09-8	1.4552	85.063	2
96-97-9	1.4555	183.12	2
79-77-6	1.4587	192.3	2
7526-26-3	1.4606	248.22	2
87-61-6	1.4642	181.45	2
112-85-6	1.4647	340.59	2
1724-39-6	1.4673	184.32	2
121-69-7	1.4679	121.18	2
88-74-4	1.4726	138.13	2
3845-76-9	1.4763	156.23	2
98-09-9	1.4763	176.62	2
35836-72-7	1.4790	208.3	2
90-04-0	1.4827	123.16	2
100-00-5	1.4862	157.56	2
29104-30-1	1.4878	363.8	2
5026-74-4	1.4940	277.32	2
143-08-8	1.4972	144.26	2
98-53-3	1.4998	154.25	2
1689-83-4	1.5032	370.91	2
1117-86-8	1.5061	146.23	2
99-66-1	1.5062	144.21	2
901-44-0	1.5064	316.4	2
68694-11-1	1.5067	345.76	2
106-23-0	1.5087	154.25	2
2385-77-5	1.5087	154.25	2
116-37-0	1.5089	344.45	2
78-67-1	1.5132	164.22	2
103597-45-1	1.5160	658.9	2
98-07-7	1.5168	195.48	2
10411-92-4	1.5211	198.31	2
53306-54-0	1.5243	446.67	2
51-03-6	1.5256	338.44	2
150-84-5	1.5269	198.31	2
120-36-5	1.5311	235.07	2
756-80-9	1.5316	158.18	2
6610-29-3	1.5327	105.17	2
61-68-7	1.5416	241.29	2
103-74-2	1.5427	123.16	2
15834-04-5	1.5444	472.62	2
102-08-9	1.5469	228.32	2
4635-59-0	1.5488	141	2
66357-35-5	1.5542	314.41	2
139504-68-0	1.5596	228.38	2
14338-82-0	1.5682	308.46	2
1459-93-4	1.5689	194.19	2
22984-54-9	1.5697	301.47	2
2224-33-1	1.5722	313.48	2
34396-03-7	1.5726	234.41	2
96-29-7	1.5739	87.123	2
28768-32-3	1.5751	422.53	2
93413-62-8	1.5787	263.38	2
80-15-9	1.5790	152.19	2
84087-01-4	1.5906	242.06	2
80-26-2	1.5952	196.29	2
120068-79-3	1.5956	321.09	2
51-28-5	1.5967	184.11	2
10563-29-8	1.5988	159.28	2
103-60-6	1.5990	208.26	2
110-16-7	1.6007	116.07	2
1929-77-7	1.6040	203.35	2
123-28-4	1.6056	514.85	2
342-25-6	1.6090	218.2	2
26586-02-7	1.6095	142.15	2
97-52-9	1.6194	168.15	2
102-60-3	1.6196	292.42	2
87305-03-1	1.6207	376.89	2
108-95-2	1.6215	94.113	2
84583-68-6	1.6220	297.44	2
76524-94-2	1.6233	249.38	2
88-45-9	1.6268	188.21	2
3851-87-4	1.6273	314.47	2
94-82-6	1.6301	249.09	2
89-04-3	1.6319	546.79	2
36483-57-5	1.6339	324.86	2
507448-65-9	1.6352	197.16	2
4180-23-8	1.6428	148.21	2
3710-84-7	1.6432	89.139	2
15396-00-6	1.6445	205.29	2
1189-08-8	1.6483	226.27	2
2082-81-7	1.6483	226.27	2
96-09-3	1.6526	120.15	2
15894-70-9	1.6534	250.32	2
2920-38-9	1.6536	179.22	2
122-03-2	1.6541	148.21	2
93-20-9	1.6547	188.23	2
34206-40-1	1.6573	372.55	2
77-94-1	1.6576	360.45	2
682-01-9	1.6614	264.44	2
2040-90-6	1.6797	146.55	2
2386-87-0	1.6803	252.31	2
1154308-86-7	1.6828	201.31	2
645-62-5	1.6830	126.2	2
99-34-3	1.6832	212.12	2
256473-04-8	1.6834	211.57	2
38668-48-3	1.6836	223.32	2
103-09-3	1.6836	172.27	2
150-78-7	1.6851	138.17	2
136465-81-1	1.6851	238.38	2
3886-69-9	1.6859	121.18	2
81-07-2	1.6869	183.19	2
35554-44-0	1.6906	297.19	2
102-69-2	1.6910	143.28	2
584-84-9	1.6912	174.16	2
105-76-0	1.6918	228.29	2
350-46-9	1.6919	141.1	2
14433-76-2	1.6921	199.34	2
79-07-2	1.6952	93.514	2
138-59-0	1.6952	174.15	2
6485-40-1	1.6998	150.22	2
6440-58-0	1.7038	188.19	2
153719-38-1	1.7057	160.14	2
130-26-7	1.7059	305.5	2
107-96-0	1.7075	106.14	2
94-13-3	1.7119	180.2	2
111-18-2	1.7138	172.32	2
70516-41-5	1.7144	518.66	2
76738-62-0	1.7144	293.8	2
2915-57-3	1.7188	342.52	2
63-05-8	1.7200	286.42	2
3407-42-9	1.7206	236.4	2
85-73-4	1.7206	403.44	2
72361-35-4	1.7223	757.19	2
1809-19-4	1.7243	194.21	2
694-83-7	1.7271	114.19	2
15520-10-2	1.7271	116.21	2
88-12-0	1.7305	111.15	2
5234-68-4	1.7308	235.31	2
99-93-4	1.7308	136.15	2
15848-49-4	1.7405	154.21	2
93-69-6	1.7407	191.24	2
97-39-2	1.7430	239.32	2
90-51-7	1.7475	239.25	2
4223-03-4	1.7502	183.3	2
100-47-0	1.7552	103.13	2
7605-52-9	1.7559	156.22	2
122-20-3	1.7582	191.27	2
3813-05-6	1.7636	243.67	2
97-65-4	1.7652	130.1	2
6940-53-0	1.7668	217.61	2
93-58-3	1.7678	136.15	2
121-57-3	1.7685	173.19	2
106797-53-9	1.7699	224.26	2
122-57-6	1.7701	146.19	2
2855-13-2	1.7719	170.3	2
98-52-2	1.7766	156.27	2
101205-02-1	1.7796	325.47	2
96-45-7	1.7808	102.16	2
60-00-4	1.7827	292.25	2
615-20-3	1.7828	169.63	2
105-53-3	1.7854	160.17	2
2605-79-0	1.7862	201.35	2
3332-27-2	1.7862	257.46	2
1071-22-3	1.7875	188.52	2
2526-62-7	1.7875	175.26	2
2212-67-1	1.7878	187.31	2
108-93-0	1.7894	100.16	2
14814-09-6	1.7897	238.42	2
124-18-5	1.7929	142.29	2
186817-80-1	1.7940	202.29	2
3634-83-1	1.7947	188.19	2
102-81-8	1.8051	173.3	2
95-49-8	1.8057	126.59	2
76578-12-6	1.8066	344.76	2
3930-20-9	1.8072	272.37	2
14816-18-3	1.8074	298.3	2
373-44-4	1.8082	144.26	2
89-57-6	1.8090	153.14	2
107-58-4	1.8134	127.19	2
95-14-7	1.8139	119.13	2
15721-78-5	1.8160	393.66	2
603-35-0	1.8180	262.29	2
14246-53-8	1.8217	201.27	2
3452-97-9	1.8220	144.26	2
132694-65-6	1.8251	602.64	2
120-47-8	1.8270	166.18	2
25265-77-4	1.8278	216.32	2
5435-64-3	1.8288	142.24	2
81777-89-1	1.8304	239.7	2
5372-81-6	1.8317	209.2	2
103-45-7	1.8320	164.2	2
534-52-1	1.8346	198.14	2
98-44-2	1.8347	253.25	2
50-18-0	1.8358	261.09	2
110-93-0	1.8366	126.2	2
110-77-0	1.8373	106.19	2
33693-04-8	1.8374	225.3	2
77-99-6	1.8384	134.18	2
94-74-6	1.8498	200.62	2
85702-79-0	1.8510	271.4	2
118-96-7	1.8550	227.13	2
126833-17-8	1.8560	302.2	2
149-74-6	1.8602	191.13	2
98-59-9	1.8629	190.65	2
83-73-8	1.8630	396.95	2
120-80-9	1.8680	110.11	2
693-23-2	1.8717	230.3	2
4083-64-1	1.8746	197.21	2
77-83-8	1.8768	206.24	2
115-96-8	1.8770	285.49	2
106-26-3	1.8772	152.24	2
141-27-5	1.8772	152.24	2
33329-35-0	1.8810	272.49	2
119-65-3	1.8828	129.16	2
107737-97-3	1.8834	176.26	2
78531-61-0	1.8836	244.38	2
88-44-8	1.8861	187.22	2
121219-07-6	1.8885	158.15	2
5089-70-3	1.8970	240.8	2
97-88-1	1.8989	142.2	2
91-68-9	1.9005	165.24	2
1493-13-6	1.9087	150.07	2
104468-21-5	1.9115	170.25	2
121-91-5	1.9133	166.13	2
6786-83-0	1.9136	487.65	2
5578-42-7	1.9171	197.18	2
2627-86-3	1.9174	121.18	2
96-67-3	1.9180	234.19	2
993-13-5	1.9183	96.022	2
622-40-2	1.9204	131.18	2
24863-70-5	1.9222	224.3	2
71902-23-3	1.9230	271.4	2
5413-60-5	1.9232	192.26	2
1967-16-4	1.9244	223.66	2
16111-62-9	1.9248	346.46	2
84-74-2	1.9279	278.35	2
109-16-0	1.9298	286.32	2
105-83-9	1.9304	145.25	2
74051-80-2	1.9306	327.49	2
27458-94-2	1.9310	144.26	2
123-26-2	1.9324	625.04	2
36727-29-4	1.9333	176.69	2
1071-83-6	1.9352	169.07	2
71604-74-5	1.9357	277.32	2
94-75-7	1.9370	221.04	2
925-21-3	1.9404	172.18	2
107-93-7	1.9409	86.09	2
13127-18-9	1.9458	748.95	2
138402-11-6	1.9485	428.55	2
23410-40-4	1.9487	220.39	2
1955-46-0	1.9496	225.16	2
118-92-3	1.9501	137.14	2
288-88-0	1.9513	69.07	2
1333-07-9	1.9519	171.22	2
97-78-9	1.9532	271.4	2
55314-16-4	1.9547	176.22	2
329-01-1	1.9575	187.12	2
119-53-9	1.9599	212.25	2
79-41-4	1.9740	86.09	2
108-83-8	1.9758	142.24	2
54-85-3	1.9792	137.15	2
110488-70-5	1.9805	387.86	2
57646-30-7	1.9807	301.34	2
94-09-7	1.9853	165.19	2
69806-34-4	1.9857	361.7	2
693-36-7	1.9886	683.18	2
94723-86-1	1.9890	282.4	2
101-37-1	1.9899	249.27	2
120-61-6	1.9901	194.19	2
4724-48-5	1.9913	194.21	2
110-65-6	1.9929	86.09	2
79-57-2	1.9949	460.44	2
980-26-7	1.9953	340.38	2
1047-16-1	1.9953	312.33	2
3089-16-5	1.9953	381.22	2
3089-17-6	1.9953	381.22	2
919-30-2	1.9967	221.37	2
3179-76-8	1.9967	191.35	2
79-06-1	2.0019	71.08	2
826-36-8	2.0049	155.24	2
7695-91-2	2.0078	472.75	2
149979-41-9	2.0101	341.84	2
104-23-4	2.0105	277.31	2
23564-05-8	2.0107	342.4	2
140-29-4	2.0130	117.15	2
89-78-1	2.0141	156.27	2
88150-62-3	2.0150	538.99	2
42019-78-3	2.0152	232.67	2
2478-10-6	2.0169	144.17	2
98-86-2	2.0218	120.15	2
141-05-9	2.0256	172.18	2
93-92-5	2.0260	164.2	2
123-77-3	2.0262	116.08	2
24549-06-2	2.0263	135.21	2
75-75-2	2.0273	96.104	2
23947-60-6	2.0274	209.3	2
67151-63-7	2.0277	245.41	2
2421-28-5	2.0312	322.23	2
106-46-7	2.0336	147	2
99129-21-2	2.0371	359.92	2
470-82-6	2.0393	154.25	2
140-31-8	2.0401	129.21	2
5726-19-2	2.0414	156.22	2
92-52-4	2.0444	154.21	2
1760-24-3	2.0467	222.36	2
23847-08-7	2.0491	288.43	2
137863-20-8	2.0497	525.66	2
26644-46-2	2.0523	434.97	2
18479-58-8	2.0533	156.27	2
6309-51-9	2.0566	270.46	2
4402-30-6	2.0567	147.22	2
76201-56-4	2.0600	650.47	2
70630-17-0	2.0644	279.34	2
23950-58-5	2.0718	256.13	2
173904-11-5	2.0730	250.43	2
112-07-2	2.0731	160.21	2
90-17-5	2.0737	267.54	2
91-15-6	2.0750	128.14	2
119-61-9	2.0775	182.22	2
139007-06-0	2.0796	219.33	2
107-56-2	2.0806	214.29	2
83066-88-0	2.0806	327.26	2
7003-89-6	2.0852	122.62	2
6291-95-8	2.0878	291.35	2
56718-71-9	2.0880	152.19	2
24199-46-0	2.0897	140.23	2
54914-37-3	2.0950	278.49	2
124-09-4	2.0982	116.21	2
132-66-1	2.1001	291.31	2
99-96-7	2.1044	138.12	2
99-76-3	2.1046	152.15	2
106-44-5	2.1059	108.14	2
4500-29-2	2.1105	187.28	2
115-95-7	2.1114	196.29	2
3717-40-6	2.1116	179.31	2
66215-27-8	2.1125	166.19	2
10420-33-4	2.1159	188.18	2
99-97-8	2.1178	135.21	2
100-21-0	2.1204	166.13	2
92-70-6	2.1232	188.18	2
122-00-9	2.1236	134.18	2
623-03-0	2.1242	137.57	2
16712-64-4	2.1264	188.18	2
104-76-7	2.1269	144.26	2
118-48-9	2.1356	163.13	2
75-99-0	2.1363	142.97	2
62-23-7	2.1387	167.12	2
89182-60-5	2.1461	209.2	2
38051-10-4	2.1466	582.99	2
120-18-3	2.1497	208.24	2
107-75-5	2.1518	172.27	2
616-45-5	2.1537	85.107	2
759-94-4	2.1540	189.32	2
106-48-9	2.1540	128.56	2
24650-42-8	2.1585	256.3	2
188425-85-6	2.1596	343.21	2
5036-48-6	2.1598	125.18	2
92-84-2	2.1613	199.28	2
68-11-1	2.1624	92.116	2
6925-69-5	2.1633	270.29	2
83055-99-6	2.1644	410.41	2
15165-67-0	2.1653	235.07	2
77-78-1	2.1658	126.13	2
768-94-5	2.1661	151.25	2
78-69-3	2.1681	158.29	2
123-96-6	2.1684	130.23	2
20292-08-4	2.1727	312.54	2
34316-64-8	2.1727	284.48	2
78-70-6	2.1742	154.25	2
80-04-6	2.1765	240.39	2
13472-08-7	2.1768	192.27	2
108-39-4	2.1781	108.14	2
99-99-0	2.1783	137.14	2
31024-56-3	2.1789	235.4	2
7787-93-1	2.1811	191.56	2
319002-92-1	2.1817	202.29	2
136210-30-5	2.1834	554.73	2
86386-73-4	2.1836	306.28	2
78-51-3	2.1841	398.48	2
172529-93-0	2.1904	327.73	2
90474-13-8	2.1918	214.26	2
65520-46-9	2.1939	522.68	2
99-57-0	2.1969	154.13	2
67306-00-7	2.2002	273.46	2
79456-26-1	2.2006	196.56	2
52-51-7	2.2015	200	2
791-28-6	2.2029	278.29	2
35948-25-5	2.2042	216.18	2
693-21-0	2.2058	196.12	2
105-59-9	2.2104	119.17	2
111-14-8	2.2136	130.19	2
23779-32-0	2.2170	264.4	2
124-04-9	2.2180	146.14	2
1477-55-0	2.2200	136.2	2
7300-34-7	2.2202	204.32	2
102-01-2	2.2235	177.2	2
111-70-6	2.2251	116.2	2
1017183-70-8	2.2341	200.64	2
147315-50-2	2.2389	425.54	2
83261-15-8	2.2478	164.63	2
93-70-9	2.2491	211.65	2
137862-53-4	2.2495	435.53	2
109-52-4	2.2513	102.13	2
55335-06-3	2.2521	256.47	2
693-57-2	2.2558	215.34	2
90-82-4	2.2605	165.24	2
141-98-0	2.2655	147.24	2
94050-90-5	2.2671	182.18	2
81-13-0	2.2674	205.26	2
1999-85-5	2.2701	194.27	2
91-20-3	2.2723	128.17	2
503-74-2	2.2777	102.13	2
100-37-8	2.2841	117.19	2
59-67-6	2.2865	123.11	2
129909-90-6	2.2930	241.3	2
629-82-3	2.2949	242.45	2
122-99-6	2.3026	138.17	2
50-78-2	2.3059	180.16	2
101-41-7	2.3071	150.18	2
72178-02-0	2.3076	438.77	2
98-13-5	2.3132	211.55	2
79-08-3	2.3146	138.95	2
79815-20-6	2.3146	163.18	2
78-11-5	2.3163	316.14	2
82558-50-7	2.3170	332.4	2
99189-60-3	2.3173	199.25	2
7328-22-5	2.3178	230.3	2
79-11-8	2.3189	94.497	2
36635-56-0	2.3194	213.26	2
5888-87-9	2.3203	394.52	2
7397-62-8	2.3219	132.16	2
117-61-3	2.3264	344.37	2
76674-21-0	2.3281	301.3	2
56519-71-2	2.3314	328.49	2
112-73-2	2.3321	218.34	2
78-27-3	2.3325	124.18	2
119-80-2	2.3332	306.36	2
7381-13-7	2.3333	356.42	2
98-55-5	2.3345	154.25	2
100-52-7	2.3366	106.12	2
110-44-1	2.3400	112.13	2
693-98-1	2.3420	82.108	2
13674-84-5	2.3420	327.57	2
822-06-0	2.3438	168.2	2
52722-86-8	2.3443	201.31	2
4246-51-9	2.3464	220.32	2
3296-90-0	2.3485	261.95	2
90-05-1	2.3507	124.14	2
2550-02-9	2.3511	206.36	2
119-17-5	2.3523	254.27	2
111-40-0	2.3545	103.17	2
298-07-7	2.3545	322.43	2
3576-88-3	2.3626	235.23	2
1001354-72-8	2.3637	145.25	2
20749-68-2	2.3649	408.07	2
120-78-5	2.3686	332.49	2
108-46-3	2.3702	110.11	2
4404-43-7	2.3740	917.01	2
738-70-5	2.3747	290.33	2
1739-84-0	2.3773	96.135	2
88671-89-0	2.3820	288.79	2
87-62-7	2.3820	121.18	2
136426-54-5	2.3837	376.18	2
2216-51-5	2.3933	156.27	2
110-63-4	2.3949	90.122	2
14073-97-3	2.3999	154.25	2
3681-71-8	2.4007	142.2	2
104-93-8	2.4028	122.17	2
106-43-4	2.4029	126.59	2
611-70-1	2.4048	148.21	2
53445-37-7	2.4059	188.22	2
6850-63-1	2.4066	127.23	2
657-24-9	2.4115	129.17	2
599-04-2	2.4139	130.14	2
148528-05-6	2.4217	158.29	2
108-77-0	2.4231	184.42	2
111-44-4	2.4239	143.01	2
15356-60-2	2.4240	156.27	2
646-24-2	2.4269	158.29	2
515-84-4	2.4305	191.44	2
56-84-8	2.4314	133.1	2
29171-20-8	2.4321	152.24	2
541-73-1	2.4343	147	2
91-76-9	2.4369	187.21	2
931-36-2	2.4394	110.16	2
100-46-9	2.4451	107.16	2
82985-35-1	2.4457	341.55	2
78-08-0	2.4488	190.32	2
2403-88-5	2.4507	157.26	2
3148-73-0	2.4534	116.12	2
17832-28-9	2.4704	116.16	2
98-00-0	2.4705	98.101	2
99-08-1	2.4772	137.14	2
84057-84-1	2.4864	256.1	2
21282-97-3	2.4868	214.22	2
298-12-4	2.4883	74.035	2
18171-19-2	2.4895	182.72	2
111-87-5	2.4933	130.23	2
3622-84-2	2.4987	213.3	2
84713-17-7	2.5007	150.23	2
6358-30-1	2.5056	589.49	2
70-55-3	2.5058	171.22	2
111-42-2	2.5063	105.14	2
26896-20-8	2.5086	172.27	2
2235-00-9	2.5116	139.2	2
105-56-6	2.5127	113.12	2
629-62-9	2.5150	212.42	2
99591-74-9	2.5207	188.18	2
873-32-5	2.5207	137.57	2
107-92-6	2.5226	88.106	2
77-71-4	2.5235	128.13	2
56-86-0	2.5283	147.13	2
26225-79-6	2.5305	286.35	2
26399-02-0	2.5350	394.68	2
36443-68-2	2.5366	586.77	2
1120-71-4	2.5390	122.14	2
142-62-1	2.5400	116.16	2
88-73-3	2.5418	157.56	2
121-32-4	2.5433	166.18	2
75-12-7	2.5450	45.042	2
75-98-9	2.5487	102.13	2
24424-99-5	2.5499	218.25	2
70445-33-9	2.5591	204.31	2
112-25-4	2.5592	146.23	2
58-55-9	2.5612	180.17	2
59-05-2	2.5663	454.45	2
122-01-0	2.5685	175.01	2
26364-65-8	2.5723	127.17	2
96-48-0	2.5728	86.09	2
3779-63-3	2.5734	504.59	2
105-55-5	2.5737	132.23	2
72576-80-8	2.5756	508.92	2
770-35-4	2.5757	152.19	2
88-72-2	2.5785	137.14	2
98377-35-6	2.5860	196.6	2
534-03-2	2.5893	91.111	2
121-33-5	2.5903	152.15	2
124-17-4	2.5910	204.27	2
123-11-5	2.5930	136.15	2
110-64-5	2.5934	88.106	2
37971-36-1	2.5954	270.13	2
79-14-1	2.5955	76.051	2
127-07-1	2.5978	76.057	2
112-59-4	2.5978	190.28	2
763-69-9	2.5983	146.19	2
2226-96-2	2.5989	173.26	2
36768-62-4	2.5991	156.28	2
6485-55-8	2.6015	115.18	2
3302-10-1	2.6035	158.24	2
76114-73-3	2.6061	155.2	2
120-93-4	2.6264	86.096	2
91-22-5	2.6338	129.16	2
121-82-4	2.6368	222.12	2
947-04-6	2.6408	197.32	2
98-37-3	2.6412	189.19	2
120570-77-6	2.6467	162.14	2
762-04-9	2.6505	138.1	2
111-91-1	2.6522	173.04	2
139481-59-7	2.6583	440.47	2
90-72-2	2.6601	265.4	2
76824-35-6	2.6602	337.45	2
2550-26-7	2.6607	148.21	2
57843-53-5	2.6633	376.5	2
55934-93-5	2.6638	248.36	2
107-66-4	2.6678	210.21	2
95-48-7	2.6681	108.14	2
90717-03-6	2.6867	221.64	2
144-62-7	2.6876	90.034	2
15214-89-8	2.6896	207.25	2
7027-11-4	2.6914	165.24	2
4253-34-3	2.6920	220.25	2
39670-09-2	2.6939	246.3	2
10016-20-3	2.7002	972.85	2
3179-63-3	2.7020	103.17	2
121-60-8	2.7065	233.67	2
111-41-1	2.7118	104.16	2
5766-67-6	2.7143	216.25	2
2809-21-4	2.7144	206.03	2
4672-38-2	2.7162	124.08	2
542-05-2	2.7229	146.1	2
100-02-7	2.7232	139.11	2
16672-87-0	2.7279	144.49	2
4443-26-9	2.7289	261.28	2
108-78-1	2.7316	126.13	2
6425-39-4	2.7403	244.34	2
99-63-8	2.7405	203.02	2
932-64-9	2.7428	130.07	2
115-70-8	2.7436	119.17	2
57090-45-6	2.7462	110.54	2
29806-73-3	2.7465	368.65	2
110-15-6	2.7487	118.09	2
56-18-8	2.7574	131.23	2
71735-74-5	2.7621	314.4	2
17689-77-9	2.7643	234.28	2
87820-88-0	2.7669	329.44	2
20120-33-6	2.7734	211.16	2
1738-25-6	2.7827	98.151	2
2186-92-7	2.7838	182.22	2
96-93-5	2.7838	234.19	2
3437-84-1	2.7847	174.2	2
1117-31-3	2.7848	174.2	2
15267-95-5	2.7889	212.75	2
18063-03-1	2.7901	157.12	2
117-08-8	2.7904	285.9	2
929-06-6	2.7931	105.14	2
50-21-5	2.7977	90.078	2
80-73-9	2.7995	114.15	2
17865-07-5	2.7995	248.31	2
10081-67-1	2.7996	405.59	2
6674-22-2	2.8015	152.24	2
4130-08-9	2.8079	232.26	2
98-85-1	2.8114	122.17	2
13170-23-5	2.8252	292.4	2
115-27-5	2.8267	370.83	2
443-48-1	2.8386	171.16	2
85-43-8	2.8596	152.15	2
77-86-1	2.8624	121.14	2
1704-62-7	2.8631	133.19	2
3030-47-5	2.8639	173.31	2
20030-30-2	2.8647	138.21	2
623-40-5	2.8651	101.15	2
19438-60-9	2.8651	168.19	2
4431-83-8	2.8658	164.2	2
22047-49-0	2.8671	396.7	2
41394-05-2	2.8725	202.22	2
10563-26-5	2.8745	174.3	2
126-33-0	2.8758	120.17	2
4457-71-0	2.8836	118.18	2
84418-63-3	2.8836	328.4	2
73334-07-3	2.8935	791.11	2
112-05-0	2.8976	158.24	2
176969-34-9	2.9007	176.12	2
126-73-8	2.9025	266.32	2
77732-09-3	2.9042	278.31	2
1696-20-4	2.9080	129.16	2
95-16-9	2.9109	135.19	2
112-15-2	2.9133	176.21	2
78850-37-0	2.9145	413.38	2
991-84-4	2.9214	588.97	2
1238449-42-7	2.9221	342.56	2
102-76-1	2.9249	218.21	2
93-17-4	2.9277	177.2	2
20592-85-2	2.9286	299.05	2
1453-58-3	2.9291	82.108	2
34690-00-1	2.9351	685.42	2
56309-94-5	2.9380	238.33	2
149-57-5	2.9429	144.21	2
51481-61-9	2.9475	252.35	2
2896-70-0	2.9503	171.24	2
5333-84-6	2.9510	166.18	2
34090-76-1	2.9510	166.18	2
40306-75-0	2.9559	246.24	2
79-33-4	2.9569	90.078	2
2031-67-6	2.9581	178.3	2
88-99-3	2.9582	166.13	2
5308-25-8	2.9617	114.19	2
111-21-7	2.9635	234.25	2
764-99-8	2.9635	158.2	2
53651-69-7	2.9746	132.16	2
629-40-3	2.9790	136.2	2
102-71-6	2.9837	149.19	2
923-02-4	2.9848	115.13	2
54839-24-6	2.9853	146.19	2
5280-80-8	2.9894	916.66	2
5580-57-4	2.9894	937.08	2
5580-58-5	2.9894	957.49	2
68516-73-4	2.9894	716.67	2
26159-31-9	2.9993	230.26	2
67-43-6	3.0017	393.35	2
81-25-4	3.0035	408.58	2
128-13-2	3.0035	392.58	2
474-25-9	3.0035	392.58	2
2458-08-4	3.0035	406.56	2
3749-87-9	3.0035	506.68	2
4651-67-6	3.0035	390.56	2
28535-81-1	3.0035	504.66	2
14078-41-2	3.0055	358.48	2
482-89-3	3.0095	262.27	2
14657-64-8	3.0248	214.16	2
110964-79-9	3.0282	245.21	2
120100-77-8	3.0319	346.71	2
19234-20-9	3.0343	146.19	2
122-52-1	3.0356	166.16	2
13393-93-6	3.0489	292.51	2
112-34-5	3.0494	162.23	2
126586-91-2	3.0571	414.43	2
22871-58-5	3.0575	601.89	2
5117-12-4	3.0598	141.17	2
682-09-7	3.0642	214.31	2
77-92-9	3.0699	192.12	2
674-82-8	3.0737	84.074	2
77-93-0	3.0746	276.29	2
94-96-2	3.0751	146.23	2
85-42-7	3.0961	154.16	2
6284-40-8	3.1048	195.22	2
10097-02-6	3.1134	148.16	2
30674-80-7	3.1167	155.15	2
58190-57-1	3.1216	273.41	2
2280-49-1	3.1289	382.72	2
616-47-7	3.1316	82.108	2
288-13-1	3.1439	68.081	2
2568-90-3	3.1488	160.26	2
4245-76-5	3.1521	118.1	2
2687-91-4	3.1579	113.16	2
2500-88-1	3.1721	571.12	2
1003-52-7	3.1724	108.1	2
2680-03-7	3.1769	99.134	2
65855-02-9	3.1818	234.26	2
96-23-1	3.1896	128.99	2
124655-09-0	3.1995	260.33	2
2602-34-8	3.1995	278.42	2
461-58-5	3.2036	84.086	2
69-72-7	3.2162	138.12	2
1843-03-4	3.2170	544.82	2
90-80-2	3.2221	178.14	2
78521-39-8	3.2305	285.36	2
83799-24-0	3.2327	501.67	2
6331-96-0	3.2428	242.08	2
6712-98-7	3.2480	163.22	2
100-54-9	3.2529	104.11	2
144-19-4	3.2548	146.23	2
111-30-8	3.2768	100.12	2
31570-04-4	3.2818	646.94	2
29911-28-2	3.2820	190.28	2
2530-87-2	3.2846	198.72	2
2550-06-3	3.2846	211.98	2
556-88-7	3.2859	104.07	2
618-88-2	3.2952	211.13	2
141-97-9	3.2953	130.14	2
628-89-7	3.2967	124.57	2
86261-90-7	3.3038	198.22	2
13501-76-3	3.3048	209.77	2
4813-57-4	3.3139	324.55	2
13402-02-3	3.3139	296.5	2
5283-66-9	3.3304	247.67	2
2044-64-6	3.3320	129.16	2
13749-61-6	3.3320	127.19	2
928-96-1	3.3345	100.16	2
112-33-4	3.3371	163.22	2
95-96-5	3.3410	144.13	2
4511-42-6	3.3410	144.13	2
10326-41-7	3.3410	90.078	2
13076-17-0	3.3410	144.13	2
110-97-4	3.3553	133.19	2
60-12-8	3.3674	122.17	2
104-68-7	3.3743	182.22	2
682-11-1	3.3793	174.24	2
100-51-6	3.3840	108.14	2
50-06-6	3.3886	232.24	2
1072-63-5	3.4003	94.119	2
84-66-2	3.4087	222.24	2
139-13-9	3.4174	191.14	2
56539-66-3	3.4311	118.18	2
85-44-9	3.4438	148.12	2
131-17-9	3.4503	246.26	2
3699-54-5	3.4558	130.15	2
114798-26-4	3.4571	422.93	2
112-36-7	3.4735	162.23	2
4065-45-6	3.4742	308.31	2
104-38-1	3.4817	198.22	2
105-60-2	3.4852	113.16	2
111-69-3	3.5013	108.15	2
868-77-9	3.5062	130.14	2
10543-57-4	3.5110	228.25	2
81335-37-7	3.5153	311.34	2
96-31-1	3.5215	88.112	2
111-27-3	3.5240	102.18	2
57837-19-1	3.5362	279.34	2
111-77-3	3.5452	120.15	2
872-50-4	3.5461	99.134	2
502-44-3	3.5477	114.14	2
123-42-2	3.5539	116.16	2
5131-66-8	3.5988	132.2	2
6419-19-8	3.6237	299.05	2
15471-17-7	3.6397	201.25	2
1852-17-1	3.6571	100.12	2
24579-73-5	3.6833	188.27	2
111-76-2	3.6880	118.18	2
123-39-7	3.6942	59.069	2
687-47-8	3.7173	118.13	2
88-51-7	3.7345	221.66	2
4394-85-8	3.7469	115.13	2
112-50-5	3.7510	178.23	2
24800-44-0	3.7577	192.26	2
123-33-1	3.7734	112.09	2
5343-92-0	3.7873	104.15	2
173159-57-4	3.7915	452.45	2
100-20-9	3.8090	203.02	2
131-11-3	3.8208	194.19	2
1889-67-4	3.8209	238.37	2
25265-71-8	3.8328	134.18	2
79-16-3	3.8934	73.096	2
112-27-6	3.9221	150.17	2
117-21-5	3.9334	182.56	2
3452-07-1	3.9353	280.54	2
18835-33-1	3.9353	364.7	2
18835-34-2	3.9353	392.76	2
101-68-8	3.9467	250.26	2
2536-05-2	3.9467	250.26	2
107-88-0	3.9822	90.122	2
98-92-0	3.9920	122.13	2
2163-42-0	3.9945	90.122	2
629-11-8	4.0063	118.18	2
115-77-5	4.0226	136.15	2
78-40-0	4.0254	182.16	2
57-13-6	4.0419	60.058	2
78-59-1	4.0630	138.21	2
118-45-6	4.0842	182.56	2
504-63-2	4.1799	76.095	2
96-24-2	4.1855	110.54	2
23783-42-8	4.1894	208.25	2
56-81-5	4.2907	92.094	2
112-35-6	4.2908	164.2	2
25322-69-4	4.3782	308.42	2
143-24-8	4.4003	222.28	2
100-97-0	4.4340	140.19	2
107-41-5	4.5473	118.18	2
96-49-1	4.5721	88.062	2
25498-49-1	4.5769	206.28	2
111-90-0	4.5949	134.18	2
3047-32-3	4.5981	116.16	2
143-22-6	4.6925	206.28	2
112-49-2	4.9168	178.23	2
87-99-0	5.1037	152.15	2
2370-88-9	5.1720	236.48	2
6166-86-5	5.1720	295.6	2
111-46-6	5.8860	106.12	2

